384 [0. 0. 0. 0. 0. 0. 0. 0. 0. 0. 0. 0. 0. 0. 0. 0. 0. 0. 0. 0. 0. 0. 0. 0.
 0. 0. 0. 0. 0. 0. 0. 0. 0. 0. 0. 0. 0. 0. 0. 0. 0. 0. 0. 0. 0. 0. 0. 0.
 0. 0. 0. 0. 0. 0. 0. 0. 0. 0. 0. 0. 0. 0. 0. 0. 0. 0. 0. 0. 0. 0. 0. 0.
 0. 0. 0. 0. 0. 0. 0. 0. 0. 0. 0. 0. 0. 0. 0. 0. 0. 0. 0. 0. 0. 0. 0. 0.
 0. 0. 0. 0. 0. 0. 0. 0. 0. 0. 0. 0. 0. 0. 0. 0. 0. 0. 0. 0. 0. 0. 0. 0.
 0. 0. 0. 0. 0. 0. 0. 0. 0. 0. 0. 0. 0. 0. 0. 0. 0. 0. 0. 0. 0. 0. 0. 0.
 0. 0. 0. 0. 0. 0. 0. 0. 0. 0. 0. 0. 0. 0. 0. 0. 0. 0. 0. 0. 0. 0. 0. 0.
 0. 0. 0. 0. 0. 0. 0. 0. 0. 0. 0. 0. 0. 0. 0. 0. 0. 0. 0. 0. 0. 0. 0. 0.
 0. 0. 0. 0. 0. 0. 0. 0. 0. 0. 0. 0. 0. 0. 0. 0. 0. 0. 0. 0. 0. 0. 0. 0.
 0. 0. 0. 0. 0. 0. 0. 0. 0. 0. 0. 0. 0. 0. 0. 0. 0. 0. 0. 0. 0. 0. 0. 0.
 0. 0. 0. 0. 0. 0. 0. 0. 0. 0. 0. 0. 0. 0. 0. 0. 0. 0. 0. 0. 0. 0. 0. 0.
 0. 0. 0. 0. 0. 0. 0. 0. 0. 0. 0. 0. 0. 0. 0. 0. 0. 0. 0. 0. 0. 0. 0. 0.
 0. 0. 0. 0. 0. 0. 0. 0. 0. 0. 0. 0. 0. 0. 0. 0. 0. 0. 0. 0. 0. 0. 0. 0.
 0. 0. 0. 0. 0. 0. 0. 0.] 127 0 127 7 127 14 127 21 127 28 127 35 127 42 127 49 127 56 127 63 127 70 127 77 127 84 127 91 127 98 127 105 127 112 127 119 127 126 127 133 127 140 127 147 127 154 127 161 127 168 127 175 127 182 127 189 127 196 127 203 127 210 127 217 127 224 127 231 127 238 127 245 127 252 127 259 127 266 127 273 127 2520 127 2527 127 2534 127 2541 127 2548 127 2555 127 2562 127 2569 127 2576 127 2583 127 2590 127 2597 127 2604 127 2611 127 2618 127 2625 127 2632 127 2639 127 2646 127 2653 127 2660 127 2667 127 2674 127 2681 127 2688 127 2695 127 2702 127 2709 127 2716 127 2723 127 2730 127 2737 127 2744 127 2751 127 2758 127 2765 127 2772 127 2779 127 2786 127 2793 127 5040 127 5047 127 5054 127 5061 127 5068 127 5075 127 5082 127 5089 127 5096 127 5103 127 5110 127 5117 127 5124 127 5131 127 5138 127 5145 127 5152 127 5159 127 5166 127 5173 127 5180 127 5187 127 5194 127 5201 127 5208 127 5215 127 5222 127 5229 127 5236 127 5243 127 5250 127 5257 127 5264 127 5271 127 5278 127 5285 127 5292 127 5299 127 5306 127 5313 127 7560 127 7567 127 7574 127 7581 127 7588 127 7595 127 7602 127 7609 127 7616 127 7623 127 7630 127 7637 127 7644 127 7651 127 7658 127 7665 127 7672 123 7679 5 7679 5 7679 -2 7679 -5 7679 -1 7679 109 7681 4 7681 19 7681 1 7681 -3 7681 101 7684 -1 7684 27 7684 -2 7684 2 7684 1 7684 1 7684 -1 7684 100 7684 24 7685 -4 7685 1 7685 1 7685 -1 7686 100 7686 -2 7686 27 7686 -5 7686 6 7687 -4 7688 114 7688 -1 7688 9 7688 2 7688 -1 7689 117 7691 -2 7691 8 7691 1 7691 121 7695 8 7696 -3 7696 126 7700 1 7703 127 7706 127 7713 127 7720 127 7727 127 7734 127 7741 127 7748 127 7755 127 7762 127 7769 127 7776 127 7783 127 7790 127 7797 2 7940 1 7940 -7 7947 3 7947 -2 7948 -1 7951 -1 7951 3 7951 -1 7953 1 7955 5 7955 1 7955 -2 7955 1 7959 3 7959 1 7959 -1 7959 1 7959 1 7970 -1 7970 1 7976 -1 7978 1 8248 -2 8257 -2 8264 1 8270 -1 8270 -1 8272 127 10016 127 10023 127 10030 127 10037 127 10044 127 10051 127 10058 127 10065 127 10072 127 10079 127 10086 127 10093 127 10100 127 10107 127 10114 127 10121 116 10128 6 10128 11 10128 -2 10128 -2 10128 2 10128 -2 10129 107 10129 1 10129 2 10129 5 10130 97 10133 1 10133 2 10133 1 10133 -1 10133 3 10133 1 10133 -3 10133 103 10133 -4 10133 1 10134 2 10134 -1 10134 101 10136 -2 10136 -3 10136 -1 10136 2 10137 104 10139 7 10139 -6 10139 -4 10139 6 10139 -6 10139 2 10139 -4 10139 94 10139 -8 10139 -6 10139 -4 10139 -5 10139 -3 10141 89 10141 5 10141 2 10141 15 10141 -6 10141 8 10141 2 10142 98 10142 -3 10142 19 10142 -6 10142 2 10142 -2 10144 107 10144 -1 10144 4 10144 3 10144 -4 10144 3 10146 121 10146 -8 10146 7 10146 -2 10146 7 10146 -2 10146 127 10148 127 10155 127 10162 127 10169 127 10176 127 10183 127 10190 127 10197 127 10204 127 10211 127 10218 127 10225 127 10232 -2 10367 1 10370 1 10373 1 10380 1 10383 -1 10383 2 10393 -2 10393 1 10395 4 10398 -1 10398 1 10399 -1 10399 2 10399 -1 10399 -1 10400 2 10400 2 10400 -9 10405 2 10405 -3 10405 4 10405 -5 10405 8 10408 -2 10408 1 10408 -7 10408 3 10408 -4 10411 2 10411 2 10412 -3 10412 -1 10415 1 10418 2 10705 -3 10710 3 10710 -1 10716 2 10716 127 12440 127 12447 127 12454 127 12461 127 12468 127 12475 127 12482 127 12489 127 12496 127 12503 127 12510 127 12517 127 12524 127 12531 127 12538 115 12545 12 12545 10 12545 -4 12546 -3 12548 98 12548 1 12548 -1 12549 1 12549 -1 12549 -1 12550 100 12550 -1 12550 3 12550 -1 12551 1 12551 103 12553 2 12554 -1 12554 4 12554 -1 12555 1 12555 106 12555 3 12556 107 12561 1 12562 101 12567 5 12567 7 12567 -1 12567 -1 12567 -1 12569 106 12569 -11 12570 -1 12570 -1 12572 3 12572 99 12572 6 12572 -1 12574 90 12577 -3 12577 7 12577 -2 12577 2 12577 -2 12577 1 12577 -2 12577 73 12577 1 12577 2 12577 7 12577 -18 12577 10 12577 -1 12577 3 12577 93 12577 -6 12577 21 12577 -8 12577 4 12578 -2 12578 1 12578 123 12578 -5 12578 5 12578 -2 12578 5 12578 -3 12578 2 12579 127 12579 127 12586 127 12593 127 12600 127 12607 127 12614 127 12621 127 12628 127 12635 127 12642 127 12649 127 12656 -3 12783 2 12786 1 12805 -1 12805 -1 12805 -1 12807 -1 12809 -1 12809 -1 12811 -2 12822 3 12824 1 12824 1 12827 1 12829 2 12829 1 12832 -1 12834 5 12841 -4 12841 2 12841 -7 12843 3 12843 1 12843 -7 12844 3 12844 2 12847 -4 12848 2 12848 -2 12851 1 12851 -1 12853 1 13106 -1 13122 -1 13146 1 13150 -4 13150 1 13150 -1 13153 -1 13155 1 13155 -1 13157 -1 13454 127 14861 127 14868 127 14875 127 14882 127 14889 127 14896 127 14903 127 14910 127 14917 127 14924 127 14931 127 14938 127 14945 127 14952 122 14959 7 14959 5 14959 -1 14959 -5 14959 -4 14959 1 14959 2 14959 96 14959 1 14959 5 14959 2 14960 93 14963 2 14963 3 14964 -1 14964 2 14964 -1 14964 97 14965 -2 14965 -1 14966 -1 14966 -1 14966 100 14968 -1 14968 -1 14969 1 14972 106 14972 2 14973 -1 14973 98 14977 9 14977 -1 14977 2 14977 -1 14978 98 14980 -4 14980 -3 14981 -1 14981 108 14984 6 14985 -2 14986 -2 14986 103 14988 -7 14989 -2 14989 4 14989 1 14989 2 14990 105 14990 5 14990 -5 14990 -5 14990 -3 14991 -1 14992 91 14992 4 14992 -5 14992 -1 14992 -1 14993 -2 14994 89 14994 -10 14995 -4 14995 6 14995 -6 14995 -2 14996 107 14996 -25 14996 1 14997 -6 14997 -4 14997 1 14997 -9 14997 127 14997 127 15004 127 15011 127 15018 127 15025 127 15032 127 15039 127 15046 127 15053 127 15060 127 15067 127 15074 1 15193 1 15200 1 15202 2 15202 2 15202 -1 15204 1 15206 -2 15206 -1 15209 1 15216 1 15218 1 15232 -3 15233 -1 15236 -1 15239 -1 15242 1 15244 6 15248 4 15248 -1 15248 1 15248 -2 15252 3 15259 -1 15259 1 15260 -1 15260 1 15260 6 15262 -2 15262 1 15262 -1 15262 -1 15262 3 15265 1 15267 1 15267 -2 15267 1 15494 1 15499 -1 15525 -1 15525 -1 15547 -1 15547 -1 15552 -1 15566 -1 15566 1 15567 1 15570 -1 15571 2 15571 1 15888 -1 15888 127 17270 127 17277 127 17284 127 17291 127 17298 127 17305 127 17312 127 17319 126 17326 1 17327 127 17332 127 17339 127 17346 127 17353 127 17360 91 17367 21 17367 19 17367 -3 17367 2 17367 9 17367 2 17367 -5 17367 77 17367 -13 17367 7 17367 11 17367 4 17367 -2 17367 4 17368 88 17368 -2 17368 4 17368 6 17368 3 17368 2 17368 91 17370 -2 17371 4 17372 1 17372 -2 17373 94 17373 -2 17373 -12 17373 -3 17373 -2 17374 -2 17375 90 17375 3 17375 -3 17375 -1 17376 4 17376 90 17378 -2 17378 -4 17378 6 17378 -3 17378 1 17378 1 17379 93 17379 -1 17379 5 17379 8 17379 3 17379 3 17379 -1 17379 1 17379 91 17379 1 17379 23 17379 -3 17379 -6 17379 2 17379 -3 17380 92 17380 2 17380 20 17380 -7 17380 -7 17380 6 17380 95 17382 -5 17382 18 17382 -11 17382 13 17382 -1 17382 1 17383 95 17383 2 17383 -1 17384 93 17388 5 17389 1 17389 1 17390 -1 17391 100 17391 -6 17391 6 17391 -1 17391 -3 17391 3 17391 -2 17391 126 17392 -1 17392 1 17394 -1 17394 127 17396 127 17403 127 17410 127 17417 127 17424 127 17431 127 17438 127 17445 127 17452 127 17459 127 17466 -5 17585 -1 17585 2 17585 5 17585 1 17585 -2 17585 1 17587 -6 17587 -3 17587 1 17587 -3 17587 1 17587 -2 17589 -1 17589 -2 17589 -3 17589 -1 17589 -4 17592 3 17592 1 17592 1 17593 -1 17593 1 17595 2 17595 3 17595 1 17595 1 17601 -4 17601 9 17606 1 17607 -3 17607 -7 17610 -6 17610 -2 17610 -2 17610 -1 17610 -1 17610 9 17612 -7 17612 5 17612 -5 17612 3 17617 -2 17618 -6 17622 3 17622 -3 17622 1 17622 -2 17626 -1 17627 -1 17627 1 17627 3 17630 -1 17630 2 17632 2 17636 -1 17639 -1 17851 -1 17851 -1 17856 2 17858 1 17860 1 17862 2 17862 1 17864 1 17866 2 17866 1 17873 1 17873 2 17873 1 17873 -2 17878 1 17878 -1 17883 4 17883 2 17888 1 17889 2 17889 1 17895 -2 17895 -1 17897 1 17898 -2 17898 2 17898 -1 17898 -1 17900 -1 17902 1 17902 1 18178 2 18193 1 18208 1 18504 127 19622 127 19629 127 19636 127 19643 118 19650 10 19650 7 19650 2 19650 -6 19650 -1 19651 92 19652 10 19652 14 19652 13 19652 -2 19652 3 19652 2 19653 94 19653 -1 19653 16 19653 10 19653 5 19653 -4 19653 -1 19653 86 19654 4 19654 9 19654 11 19654 -1 19654 -1 19654 -3 19655 81 19655 -4 19655 2 19656 1 19656 1 19656 -1 19657 86 19657 -1 19657 4 19657 9 19657 -1 19657 -5 19657 1 19657 -3 19657 87 19657 1 19657 7 19657 5 19657 -2 19658 96 19660 -11 19660 23 19660 1 19660 -6 19660 -1 19660 -2 19661 108 19661 23 19662 -3 19662 1 19662 -2 19662 1 19663 100 19663 2 19663 27 19663 1 19663 -1 19666 96 19666 -5 19666 -7 19666 -10 19666 -3 19667 -2 19667 99 19668 -4 19668 -8 19668 -4 19668 -4 19668 -1 19668 -1 19669 96 19669 -1 19669 -4 19669 3 19671 101 19673 -4 19673 -5 19673 -1 19673 -4 19673 102 19676 4 19677 -3 19677 2 19678 -1 19679 99 19679 10 19679 -2 19679 -1 19679 4 19680 94 19682 -1 19684 -3 19685 1 19685 -2 19685 105 19685 -12 19685 -2 19686 1 19686 -4 19686 108 19688 6 19688 -5 19689 -1 19689 1 19689 -1 19689 1 19689 110 19689 -3 19690 -5 19690 -7 19690 -4 19690 87 19692 3 19692 -17 19692 -16 19692 5 19692 4 19692 3 19692 3 19692 77 19692 -6 19692 -16 19692 7 19692 -4 19692 6 19692 3 19692 89 19693 -7 19694 6 19694 -3 19695 2 19695 -2 19695 78 19695 11 19696 10 19696 -4 19696 5 19696 -2 19697 116 19697 -19 19697 7 19697 -1 19697 8 19697 -14 19697 -4 19697 4 19697 127 19697 127 19704 127 19711 127 19718 127 19725 127 19732 127 19739 127 19746 127 19753 127 19760 127 19767 -1 19806 -2 19806 1 19807 -1 19811 2 19811 1 19811 -2 19812 1 19813 -2 19814 4 19814 -1 19815 1 19819 5 19819 3 19819 -1 19820 1 19824 2 19824 2 19824 -1 19825 -3 19827 6 19827 2 19827 -3 19827 -2 19827 3 19831 4 19831 1 19833 6 19835 1 19836 3 19836 -1 19836 -3 19839 -2 19839 1 19840 -4 19845 -5 19851 2 19851 -1 19854 -3 19856 3 19856 -1 19856 -1 19857 -1 19857 -1 19859 1 19859 -1 19859 1 19865 -1 19865 -1 19865 -1 19865 1 19868 1 19868 -1 19880 1 19881 1 19892 3 19895 -1 19895 -1 19895 -1 19900 -2 19900 -1 19902 -8 19906 -3 19906 1 19907 -9 19910 10 19910 -4 19912 5 19915 3 19915 -2 19915 2 19916 3 19919 -10 19919 1 19919 3 19919 -1 19919 -1 19919 -2 19921 1 19922 1 19924 -1 20056 -1 20056 1 20062 1 20069 1 20070 1 20075 1 20076 1 20091 -1 20095 1 20095 1 20104 1 20156 -1 20172 -1 20177 -1 20195 -1 20200 -2 20200 3 20200 1 20202 -1 20204 2 20204 -2 20204 2 20210 -3 20210 1 20217 -1 20349 127 21908 127 21915 127 21922 127 21929 125 21936 3 21936 -3 21936 -1 21936 3 21936 -1 21936 -1 21937 102 21937 8 21937 -5 21937 1 21937 -5 21937 3 21937 81 21939 9 21939 -7 21939 -1 21939 -5 21939 6 21941 77 21941 -5 21941 8 21941 -1 21941 3 21942 -1 21943 74 21943 12 21943 4 21943 4 21943 -3 21943 -3 21943 -1 21943 -1 21943 69 21943 -2 21943 12 21943 -1 21943 2 21943 -3 21943 70 21945 5 21946 9 21946 1 21946 2 21946 -2 21946 -1 21946 75 21946 3 21946 2 21946 -2 21946 -1 21949 77 21949 -8 21949 2 21949 -4 21949 85 21953 -2 21954 -3 21954 2 21954 74 21957 6 21957 1 21957 1 21957 -3 21957 5 21957 -2 21958 76 21958 1 21958 5 21958 8 21958 2 21958 1 21958 76 21960 -4 21960 3 21960 10 21960 1 21960 3 21960 89 21962 1 21962 1 21963 -1 21964 78 21966 5 21966 9 21966 1 21966 -3 21966 2 21966 -3 21967 82 21967 -6 21967 8 21967 4 21967 89 21971 2 21971 8 21971 -2 21972 -3 21972 1 21973 74 21973 6 21973 11 21973 -5 21973 7 21973 -1 21973 88 21975 -11 21975 15 21975 7 21976 -5 21976 -3 21977 98 21977 1 21977 11 21977 -7 21977 -3 21978 -2 21979 88 21979 1 21979 6 21979 -6 21979 -3 21979 5 21979 -1 21979 98 21980 -1 21980 -9 21980 3 21984 102 21984 2 21984 -4 21984 2 21984 -1 21985 92 21987 1 21987 -3 21987 1 21987 3 21988 -1 21988 117 21989 -15 21989 3 21989 -1 21989 1 21989 -7 21989 -1 21990 127 21990 127 21997 127 22004 127 22011 127 22018 127 22025 127 22032 127 22039 127 22046 127 22053 127 22060 1 22099 1 22106 -2 22106 1 22107 -1 22107 -5 22110 1 22110 1 22110 -3 22112 -1 22115 3 22115 3 22115 -2 22115 1 22115 -2 22115 -8 22116 1 22116 1 22118 1 22118 1 22122 -4 22122 3 22122 6 22125 -1 22127 -4 22127 -1 22127 -2 22129 -1 22132 1 22136 3 22138 1 22141 -4 22148 4 22148 -1 22149 -1 22149 -3 22152 3 22152 -1 22152 -1 22152 -1 22152 -3 22155 6 22155 -1 22155 1 22155 -1 22155 -1 22158 3 22158 1 22159 1 22159 1 22162 -2 22162 1 22162 2 22163 3 22166 3 22174 -1 22175 -1 22176 1 22179 1 22179 -1 22179 3 22179 -1 22179 9 22181 -3 22181 2 22182 1 22182 -1 22182 1 22185 2 22185 -3 22194 -6 22197 4 22197 -2 22197 1 22197 -1 22197 1 22200 -1 22211 -1 22219 3 22358 -2 22358 -1 22358 1 22362 -1 22362 2 22362 1 22367 -2 22376 1 22376 2 22382 -1 22397 -1 22413 1 22426 1 22427 -2 22427 -1 22440 -1 22462 2 22462 -3 22462 1 22465 2 22467 -1 22468 -1 22469 1 22479 1 22479 -1 22653 1 22779 127 24202 127 24209 127 24216 127 24223 127 24230 125 24237 2 24237 -3 24237 -1 24237 3 24237 -1 24237 -1 24238 99 24238 17 24238 -16 24238 1 24238 -3 24238 3 24238 -2 24238 6 24238 91 24238 -9 24238 -5 24238 -2 24238 -2 24238 -1 24238 88 24240 6 24240 -6 24240 -2 24240 1 24240 2 24240 75 24242 8 24242 -7 24242 -2 24242 2 24243 81 24245 -2 24245 8 24245 -3 24245 -2 24245 -1 24245 -1 24246 78 24246 5 24246 -8 24246 -6 24246 4 24246 -1 24246 1 24247 70 24247 5 24247 -3 24247 -2 24247 1 24248 70 24250 -3 24250 4 24250 3 24250 -1 24250 -1 24252 67 24252 2 24252 -5 24252 -1 24253 1 24253 1 24254 64 24254 2 24255 3 24255 1 24257 -1 24257 67 24257 -5 24257 11 24257 1 24257 -3 24257 -1 24259 71 24259 6 24259 12 24259 2 24259 1 24259 -4 24259 65 24261 -7 24261 4 24261 -1 24261 1 24261 74 24264 5 24265 -2 24265 -2 24265 70 24268 2 24268 2 24268 4 24269 -2 24271 78 24271 -5 24271 -3 24271 -1 24271 -1 24271 -1 24271 77 24273 4 24273 8 24273 -3 24273 -7 24273 2 24273 -1 24274 63 24274 5 24274 2 24274 5 24274 6 24274 4 24274 3 24275 63 24275 -2 24275 -7 24275 -5 24275 -1 24276 74 24278 -4 24278 9 24278 1 24278 -5 24278 -2 24278 -1 24278 -2 24278 75 24278 1 24278 16 24278 8 24278 77 24282 -7 24282 11 24282 7 24282 -1 24282 7 24282 2 24283 89 24283 -1 24283 17 24283 2 24283 -3 24283 1 24283 1 24284 93 24284 -1 24284 25 24284 10 24284 1 24284 5 24284 -1 24284 -3 24284 105 24284 -4 24284 23 24284 -1 24286 111 24288 -5 24288 22 24288 -9 24288 5 24288 5 24288 -4 24289 126 24289 -1 24289 2 24289 -1 24289 1 24289 127 24292 127 24299 127 24306 127 24313 127 24320 127 24327 127 24334 2 24381 -1 24381 -4 24387 -2 24391 -1 24393 -1 24393 -1 24394 3 24398 -2 24398 -1 24399 1 24399 -1 24403 4 24409 -2 24416 1 24416 -2 24417 1 24421 -1 24425 2 24427 1 24427 1 24428 -1 24428 -4 24431 2 24431 1 24434 1 24438 -2 24438 5 24442 -6 24449 1 24452 1 24455 -1 24457 2 24457 4 24468 -2 24468 2 24475 -1 24482 1 24482 2 24483 1 24486 3 24486 -1 24487 -1 24487 2 24490 1 24491 2 24491 -3 24495 1 24495 -1 24497 -1 24497 -3 24499 -4 24499 1 24505 -1 24505 -2 24505 -1 24505 -2 24505 1 24505 -3 24507 1 24507 -1 24508 -3 24512 -2 24512 -2 24512 3 24512 3 24516 -2 24516 1 24523 -1 24524 2 24524 -1 24525 -1 24526 1 24526 1 24638 1 24643 -1 24651 -2 24676 -1 24681 2 24681 1 24688 -1 24695 1 24695 1 24709 -1 24709 1 24724 -1 24743 -1 24746 -1 24746 -1 24747 -1 24758 -1 24758 1 24765 1 24765 -1 24770 1 24778 2 24778 1 24782 -1 24783 1 24783 1 24794 -1 24796 1 24808 1 24810 -1 24934 127 26477 127 26484 127 26491 127 26498 127 26505 127 26512 126 26519 115 26526 9 26526 -14 26526 -2 26526 5 26526 -1 26526 1 26527 95 26527 10 26527 -9 26527 3 26527 -4 26527 -2 26527 77 26529 6 26530 -5 26530 -2 26530 3 26530 -4 26531 78 26531 4 26531 -2 26531 -3 26531 -4 26531 4 26531 -2 26532 74 26532 2 26532 9 26532 -5 26532 2 26533 66 26535 11 26535 9 26535 -3 26535 -2 26537 57 26538 -2 26538 7 26538 -1 26538 2 26538 1 26538 -1 26539 71 26539 -2 26539 -1 26539 -2 26539 -2 26540 64 26542 5 26542 1 26542 -1 26542 -1 26542 2 26542 -2 26543 62 26543 1 26543 -1 26544 -1 26545 1 26546 61 26546 -6 26546 1 26546 3 26547 1 26549 62 26549 4 26549 -3 26550 -1 26550 64 26553 -5 26553 3 26553 -1 26553 2 26553 1 26554 -1 26554 67 26554 -1 26555 -1 26556 70 26559 -4 26559 4 26559 -3 26560 1 26560 -2 26561 76 26561 8 26561 4 26561 -5 26561 -2 26561 -5 26561 1 26562 63 26562 -4 26562 5 26562 -3 26562 2 26563 69 26565 -1 26566 -1 26566 1 26568 67 26569 -7 26569 -3 26569 -2 26569 1 26569 2 26569 2 26569 76 26570 -2 26570 -5 26570 -1 26570 78 26574 -2 26574 -6 26574 2 26574 1 26574 -1 26574 76 26576 2 26576 -11 26576 -1 26576 -1 26577 79 26579 -4 26579 -7 26579 -5 26579 -2 26579 80 26582 -7 26583 4 26583 79 26587 2 26587 -2 26587 -1 26587 -12 26587 -1 26587 4 26588 79 26588 -1 26588 16 26588 1 26588 1 26588 1 26589 -1 26589 89 26589 -15 26589 13 26589 8 26589 3 26589 -10 26589 -3 26589 4 26589 99 26589 -1 26589 27 26589 1 26589 -4 26589 6 26589 -3 26589 -4 26589 114 26589 -4 26589 18 26589 -8 26589 4 26589 1 26589 -1 26590 127 26590 127 26597 127 26604 127 26611 -3 26674 -3 26676 3 26676 4 26679 -1 26679 1 26679 2 26684 3 26684 -2 26684 2 26684 2 26685 2 26687 -1 26702 1 26702 1 26703 -2 26707 1 26707 -1 26707 1 26713 1 26714 -1 26718 1 26718 -1 26735 -2 26735 3 26738 1 26738 -1 26738 -1 26747 -2 26750 1 26750 -1 26751 3 26755 1 26755 -1 26755 4 26760 1 26762 -1 26762 2 26765 -2 26765 -2 26766 -2 26766 -1 26769 1 26769 -1 26769 1 26769 -2 26769 1 26774 2 26795 -1 26795 -1 26797 -2 26800 -2 26800 -1 26800 1 26801 5 26805 -2 26806 -1 26806 3 26810 1 26810 2 26810 1 26810 2 26810 1 26810 -3 26811 5 26812 -1 26812 -1 26812 2 26816 1 26816 -1 26816 1 26817 4 26819 -3 26819 2 26820 -1 26820 1 26820 2 26823 -2 26824 1 26918 -1 26918 1 26924 -1 26924 -2 26928 -1 26928 1 26930 1 26960 1 26966 1 27005 -1 27035 1 27036 1 27076 -1 27091 1 27095 1 27096 1 27102 -1 27103 1 27109 1 27115 -2 27115 1 27122 -1 27430 127 28757 127 28764 127 28771 127 28778 127 28785 127 28792 127 28799 127 28806 126 28813 2 28813 -2 28813 -1 28813 2 28813 -1 28813 -1 28814 90 28814 25 28814 -40 28814 -4 28814 8 28814 1 28814 1 28814 8 28814 52 28814 24 28815 5 28815 -7 28815 3 28815 1 28815 -12 28815 39 28815 6 28815 6 28815 1 28815 2 28816 25 28818 9 28818 9 28818 5 28818 -1 28818 -1 28820 15 28820 -2 28820 8 28820 5 28820 2 28821 34 28823 -5 28823 3 28823 3 28824 -1 28824 29 28826 4 28826 -6 28826 9 28826 1 28827 2 28828 25 28828 4 28828 1 28828 9 28828 -4 28829 12 28831 12 28832 10 28832 -5 28832 3 28832 -1 28833 15 28833 20 28834 7 28834 -1 28834 28 28837 -7 28837 30 28837 2 28837 37 28841 17 28842 -6 28842 9 28842 1 28844 51 28844 -9 28844 14 28844 -5 28844 -1 28844 60 28847 9 28848 -3 28848 2 28848 2 28848 1 28849 65 28849 -6 28849 6 28849 -2 28849 4 28849 2 28849 1 28849 -1 28849 74 28849 1 28850 66 28855 3 28855 7 28855 7 28855 -1 28856 73 28858 -3 28858 2 28858 4 28858 -1 28859 78 28861 -8 28861 6 28861 -1 28862 1 28863 -1 28863 81 28863 5 28863 8 28863 -3 28865 1 28865 -1 28865 76 28865 -1 28865 3 28865 77 28870 1 28870 3 28870 1 28870 1 28871 78 28873 83 28880 -1 28880 -2 28880 3 28881 -1 28881 -2 28882 84 28882 -9 28883 -4 28883 -1 28883 -1 28883 74 28885 2 28885 1 28886 -1 28886 11 28886 -1 28886 2 28886 79 28886 -2 28886 7 28886 -2 28886 -3 28887 1 28887 -2 28887 96 28887 -9 28887 17 28887 -3 28887 -6 28887 1 28887 -2 28887 -1 28887 123 28887 -5 28887 4 28887 -1 28887 5 28887 -4 28887 -1 28887 3 28887 127 28887 127 28894 1 28965 -1 28965 1 28966 -1 28966 -11 28969 -4 28971 6 28971 -1 28971 21 28973 -5 28973 -1 28976 -6 28978 4 28978 2 28979 -3 28979 -1 28982 1 28983 1 28984 1 28987 1 28988 -1 28993 4 28993 2 28993 -1 28993 5 28998 1 28998 1 28998 3 29003 2 29003 3 29009 2 29009 2 29014 1 29016 4 29020 -2 29020 2 29026 2 29027 1 29027 -2 29028 -1 29030 -3 29030 -1 29031 1 29036 -1 29042 1 29042 -1 29042 -1 29044 1 29047 -2 29047 -1 29052 -6 29052 -2 29052 -1 29059 -1 29059 2 29063 2 29063 -1 29063 1 29064 -1 29068 -1 29082 2 29082 -1 29084 1 29087 1 29089 -1 29094 2 29100 2 29101 1 29101 -4 29105 -10 29105 2 29105 -1 29108 5 29109 -5 29109 -2 29109 2 29109 2 29109 1 29109 1 29109 1 29110 8 29110 -2 29112 -1 29115 1 29119 1 29209 -1 29211 -1 29215 4 29216 1 29223 1 29248 -1 29294 1 29294 2 29333 -1 29394 -1 29399 -2 29399 2 29407 2 29408 -1 29410 1 29413 -2 29721 127 31040 127 31047 127 31054 127 31061 127 31068 127 31075 127 31082 127 31089 127 31096 117 31103 14 31103 12 31103 -4 31103 -13 31103 -7 31103 1 31103 5 31103 52 31103 23 31103 21 31103 -2 31103 18 31103 9 31103 1 31103 3 31103 37 31103 4 31103 -2 31103 -6 31103 1 31103 -4 31103 23 31105 9 31105 5 31105 -7 31106 -1 31106 -1 31107 21 31107 -5 31107 -11 31107 13 31107 7 31107 3 31109 23 31109 3 31109 -5 31109 10 31109 -11 31109 1 31109 -1 31109 1 31109 40 31109 -11 31109 4 31109 -1 31109 5 31109 -4 31109 50 31111 1 31111 -7 31111 -1 31111 -1 31111 -1 31111 24 31113 15 31113 -6 31113 -1 31113 4 31114 2 31115 11 31115 -3 31116 -3 31116 3 31116 -2 31118 23 31118 -19 31119 1 31119 -3 31120 -2 31120 36 31121 -8 31121 -16 31121 -3 31122 -3 31122 -1 31122 33 31123 3 31123 -14 31123 6 31123 2 31123 2 31123 2 31124 37 31124 -1 31124 -7 31124 1 31124 -5 31124 30 31127 7 31127 13 31127 11 31127 -7 31127 43 31130 -18 31130 19 31130 -2 31130 7 31130 -1 31130 -1 31131 64 31131 1 31131 -2 31132 -1 31133 63 31135 -3 31135 3 31135 1 31135 1 31135 -1 31137 64 31137 2 31137 7 31137 4 31137 -4 31137 4 31137 -1 31137 -1 31137 68 31137 7 31138 -3 31138 6 31138 -1 31138 -2 31139 77 31139 2 31139 -8 31140 -3 31140 -2 31140 70 31142 -7 31142 -1 31145 73 31147 -1 31147 1 31147 3 31147 6 31148 -1 31149 84 31149 -8 31149 2 31149 -2 31149 2 31149 2 31150 1 31150 89 31150 1 31150 6 31150 -1 31150 -1 31150 -1 31150 86 31152 4 31152 5 31152 1 31152 2 31152 -1 31152 -1 31153 81 31153 -1 31154 -2 31154 -2 31155 58 31157 7 31157 -6 31157 7 31157 8 31157 8 31157 1 31157 -3 31157 110 31157 -27 31157 -10 31157 5 31157 -11 31157 -17 31157 -3 31157 -4 31157 127 31157 127 31164 5 31243 1 31243 -1 31244 -1 31244 -1 31244 -8 31247 -1 31247 -1 31247 -2 31247 -2 31250 -1 31251 -2 31251 3 31259 1 31259 -2 31262 -1 31263 1 31264 4 31266 -3 31266 -1 31267 -1 31267 1 31274 1 31275 1 31284 -1 31284 -3 31290 1 31309 -3 31312 2 31312 -1 31313 -1 31313 3 31317 1 31318 2 31318 -2 31321 -1 31321 1 31322 -2 31322 4 31325 3 31325 -2 31326 3 31326 2 31329 3 31329 -1 31331 -2 31334 2 31336 -1 31336 -2 31340 -1 31340 -1 31345 5 31345 1 31345 -3 31345 2 31349 2 31349 1 31349 2 31349 1 31349 -3 31353 1 31353 -2 31353 1 31355 2 31356 -1 31357 -1 31357 -3 31357 -1 31357 -1 31359 1 31360 -2 31362 -1 31364 1 31366 1 31366 -1 31370 1 31370 -1 31371 -3 31374 -3 31374 -1 31375 -7 31379 2 31379 4 31379 1 31380 -2 31380 6 31382 1 31382 1 31383 3 31383 1 31484 -1 31485 1 31487 1 31506 2 31512 -1 31512 1 31557 -1 31564 -1 31622 -1 31627 -1 31627 1 31634 1 31648 -1 31664 -1 31664 1 31669 -2 31676 -2 31676 1 31680 1 31680 127 33302 127 33309 127 33316 127 33323 127 33330 127 33337 127 33344 127 33351 123 33358 6 33358 5 33358 -2 33358 -6 33358 -4 33358 1 33358 3 33358 51 33358 32 33358 27 33358 17 33359 11 33359 25 33361 2 33361 9 33361 25 33366 -3 33366 2 33366 1 33366 -1 33368 1 33368 36 33368 -17 33368 -16 33368 10 33369 10 33369 3 33369 9 33369 41 33369 16 33369 24 33369 -7 33369 -10 33369 6 33369 -6 33370 49 33370 -6 33370 3 33371 10 33371 -7 33371 2 33371 -1 33371 26 33371 -8 33371 3 33371 1 33371 -9 33371 11 33371 2 33371 -5 33371 59 33371 -2 33371 1 33373 -3 33373 38 33375 15 33375 -3 33375 1 33375 2 33375 1 33376 22 33377 -9 33377 -6 33377 2 33379 -1 33379 2 33379 56 33379 -3 33379 -5 33379 -1 33379 2 33380 -1 33380 1 33380 54 33380 -1 33380 -1 33382 1 33382 39 33384 10 33384 17 33384 -2 33384 -3 33387 29 33387 1 33387 -8 33387 13 33387 6 33387 -1 33387 1 33388 21 33388 5 33388 -1 33388 6 33388 -8 33388 -1 33389 -1 33389 24 33389 -8 33390 -6 33390 5 33390 -3 33390 -1 33390 3 33390 21 33390 6 33390 2 33390 3 33390 -4 33390 -2 33390 -1 33390 22 33391 -5 33391 20 33391 14 33391 -3 33391 -3 33391 -1 33391 -3 33391 22 33391 13 33392 10 33392 1 33394 23 33395 -2 33395 21 33395 4 33395 -2 33395 2 33395 30 33397 -3 33397 29 33397 4 33397 -2 33397 -2 33399 40 33399 -2 33399 29 33399 -2 33400 53 33403 -15 33403 12 33403 -1 33403 13 33403 -2 33403 1 33403 -2 33403 79 33403 -1 33403 -3 33403 1 33404 -2 33404 -1 33404 -3 33404 96 33404 -12 33404 -21 33404 3 33404 -1 33404 -2 33404 -1 33404 112 33405 -2 33405 -18 33405 -2 33405 118 33409 -3 33409 -13 33409 -8 33409 -3 33409 123 33412 -1 33412 -5 33412 -3 33412 -1 33412 2 33412 2 33413 127 33413 127 33420 127 33427 3 33498 1 33498 -1 33499 -1 33499 -1 33499 -3 33501 -1 33501 2 33501 -4 33502 -3 33502 -2 33504 1 33511 -1 33514 3 33517 1 33519 -2 33519 -1 33519 1 33519 -5 33520 -3 33520 5 33521 3 33521 -1 33521 5 33523 -7 33523 2 33523 -4 33523 1 33533 -1 33543 -1 33545 -1 33552 2 33553 3 33562 -2 33565 -4 33568 -1 33568 -1 33570 -3 33574 -2 33575 -1 33575 8 33578 -4 33578 -2 33580 -4 33583 -1 33585 -3 33589 4 33589 4 33589 -2 33594 5 33594 -2 33596 1 33599 4 33599 1 33601 2 33604 -1 33605 -2 33610 -1 33610 3 33616 3 33616 -1 33618 -3 33621 -1 33621 3 33621 -5 33621 1 33622 -4 33624 1 33624 2 33624 1 33624 -2 33629 -2 33630 -1 33630 4 33633 1 33633 1 33634 -1 33638 -4 33638 -1 33638 -1 33643 -3 33643 -1 33643 1 33644 -1 33767 -2 33767 -1 33773 1 33773 1 33775 -1 33777 1 33778 -1 33778 1 33778 -1 33782 1 33840 1 33840 1 33863 1 33884 -1 33884 1 33890 1 33890 -1 33897 -1 33897 1 33902 -1 33902 -1 33902 -1 33909 1 33915 1 33937 1 34214 127 35565 127 35572 127 35579 127 35586 127 35593 127 35600 127 35607 126 35614 1 35614 -1 35616 70 35619 41 35619 25 35619 3 35619 2 35620 2 35620 -7 35620 20 35620 3 35620 2 35621 4 35621 1 35621 1 35621 1 35621 20 35621 -2 35621 -5 35621 -1 35621 27 35625 -2 35625 -1 35625 1 35625 -1 35625 60 35628 -23 35628 -1 35629 2 35629 -20 35629 -5 35629 3 35629 3 35629 5 35629 -1 35629 3 35629 -2 35629 6 35629 2 35629 -1 35629 43 35629 -30 35629 3 35629 6 35629 -8 35629 -13 35629 5 35629 7 35629 26 35629 -2 35629 -2 35629 13 35630 20 35630 1 35630 3 35630 55 35630 7 35630 6 35630 -5 35631 -4 35631 55 35633 3 35633 2 35633 1 35634 -7 35634 -1 35634 54 35635 -1 35635 -8 35635 -7 35635 -13 35636 2 35636 3 35636 56 35636 -7 35636 2 35636 2 35637 -4 35637 1 35638 34 35638 22 35638 8 35638 1 35638 -3 35638 3 35638 -5 35639 37 35639 -23 35639 -8 35639 3 35640 -4 35640 7 35641 41 35641 6 35641 9 35641 12 35641 -2 35641 4 35641 1 35641 47 35642 -7 35642 3 35642 -5 35642 15 35642 -7 35642 2 35642 -1 35642 19 35642 -3 35642 -3 35642 2 35642 -10 35642 17 35642 2 35642 -7 35642 28 35642 -2 35642 -3 35643 -3 35643 1 35644 -2 35644 24 35644 5 35644 -3 35645 -2 35646 1 35647 9 35647 1 35647 10 35653 -1 35655 9 35659 -2 35661 2 35662 17 35664 -5 35664 3 35666 1 35666 -1 35667 79 35667 -49 35667 -13 35668 4 35668 -8 35668 1 35668 -7 35668 123 35668 -3 35668 -6 35668 -4 35668 -4 35668 -1 35668 127 35670 127 35677 127 35684 127 35691 127 35698 127 35705 127 35712 -3 35783 2 35783 -2 35784 -1 35784 -1 35784 2 35795 -1 35805 -1 35805 -3 35807 -1 35807 1 35810 -1 35810 1 35810 4 35810 3 35813 1 35814 13 35815 5 35815 2 35815 -1 35815 -3 35815 3 35815 -3 35817 -1 35819 -1 35819 3 35820 1 35825 -2 35828 -1 35828 1 35831 -2 35831 -1 35832 -1 35832 -1 35832 -1 35832 3 35832 -1 35837 1 35847 2 35849 -1 35849 1 35853 -6 35854 -16 35854 1 35854 3 35854 -4 35854 -2 35858 1 35858 -1 35858 1 35863 -1 35865 2 35868 -2 35875 -1 35875 -1 35876 1 35881 1 35887 -1 35887 -1 35893 2 35908 -2 35908 -2 35908 5 35909 -2 35909 -3 35911 -3 35911 -2 35911 -1 35911 1 36037 1 36075 -1 36081 -2 36081 -1 36081 3 36081 1 36081 1 36084 1 36085 1 36099 1 36122 -1 36128 -2 36128 1 36136 1 36140 -2 36140 3 36140 -3 36140 2 36140 1 36204 -1 36210 1 36430 1 36445 -2 36452 1 36452 1 36514 127 37865 127 37872 127 37879 127 37886 127 37893 127 37900 127 37907 113 37914 20 37914 9 37914 3 37914 -9 37914 -11 37914 3 37914 2 37914 35 37914 15 37914 2 37914 6 37915 8 37915 2 37915 28 37916 -5 37917 2 37917 -1 37918 27 37920 -4 37921 -2 37921 2 37922 37 37924 -1 37924 -7 37924 1 37924 4 37924 -1 37924 1 37924 -3 37924 48 37924 -20 37924 4 37924 11 37924 -16 37924 -7 37924 -7 37925 51 37925 7 37925 5 37925 6 37925 6 37925 2 37925 3 37926 42 37926 -3 37926 -10 37926 3 37926 13 37926 2 37926 2 37926 49 37927 -1 37927 -8 37927 -6 37927 -13 37927 -1 37927 34 37929 12 37929 4 37929 3 37929 3 37929 2 37930 -2 37930 63 37930 -33 37930 -9 37930 1 37930 -6 37931 -1 37931 1 37931 49 37931 30 37931 5 37932 -3 37932 4 37932 1 37932 -3 37932 45 37932 -12 37932 2 37932 -1 37932 -1 37932 1 37932 -3 37933 35 37933 21 37933 -6 37933 -1 37934 -2 37935 1 37935 47 37935 -24 37935 3 37935 2 37936 -7 37936 -7 37937 11 37937 12 37937 -8 37937 8 37937 -15 37937 9 37937 2 37937 -3 37937 31 37937 -36 37937 -3 37937 4 37937 1 37937 3 37937 8 37937 5 37937 30 37937 15 37937 -2 37937 23 37939 22 37941 4 37941 -2 37941 2 37941 1 37941 1 37942 20 37943 -3 37943 -2 37943 12 37948 5 37948 -4 37948 -3 37949 2 37949 1 37950 12 37950 -3 37950 -3 37950 -1 37950 3 37950 14 37953 1 37953 -2 37954 -3 37954 25 37957 -11 37957 1 37957 -5 37957 54 37961 -22 37961 8 37961 -1 37961 -4 37961 12 37961 -5 37961 1 37961 125 37961 -3 37961 -2 37964 -1 37964 127 37965 127 37972 127 37979 127 37986 127 37993 127 38000 127 38007 -4 38070 -1 38070 1 38071 1 38071 2 38074 1 38074 1 38074 1 38075 1 38078 1 38087 -1 38087 -1 38091 -1 38092 1 38094 -1 38094 1 38095 -10 38095 2 38095 4 38095 -2 38095 -1 38095 1 38095 -11 38097 -8 38097 -4 38097 4 38101 7 38101 1 38102 2 38102 -1 38102 -2 38104 1 38107 1 38111 1 38112 1 38112 2 38112 5 38114 -1 38118 -1 38118 -6 38119 2 38124 3 38126 1 38128 2 38128 2 38131 1 38131 -1 38131 2 38131 -2 38131 2 38133 3 38136 -1 38136 2 38138 2 38139 -2 38139 2 38143 1 38144 -1 38145 1 38145 -1 38145 -1 38146 -1 38150 -3 38150 1 38160 1 38160 2 38173 1 38188 -1 38195 3 38195 -2 38196 1 38198 1 38355 -1 38359 1 38359 1 38360 -1 38361 3 38364 2 38364 1 38366 1 38366 1 38368 1 38368 -1 38371 1 38371 1 38371 1 38373 -2 38377 1 38377 -1 38382 -1 38382 1 38388 -1 38397 -1 38419 1 38419 1 38426 1 38426 1 38726 -1 38726 1 38726 1 38731 1 38738 1 38738 127 40152 127 40159 127 40166 127 40173 127 40180 127 40187 127 40194 90 40201 39 40201 14 40201 2 40201 -1 40201 -5 40201 -6 40202 38 40202 1 40202 2 40202 2 40202 2 40202 1 40202 34 40204 4 40204 3 40205 2 40206 -1 40207 31 40207 -1 40208 1 40208 -2 40208 41 40211 -5 40211 3 40211 -5 40211 54 40215 -1 40215 -2 40216 1 40216 -3 40216 45 40218 2 40218 -10 40218 5 40218 2 40218 3 40218 1 40219 57 40219 -2 40220 -1 40220 -3 40220 -3 40220 -1 40220 -2 40220 36 40220 16 40220 4 40220 10 40222 3 40222 -1 40222 31 40222 -13 40222 -3 40222 -1 40222 2 40223 1 40224 74 40224 -17 40224 4 40224 -3 40225 -6 40225 58 40227 19 40227 -1 40227 -1 40227 5 40227 -1 40227 2 40227 1 40227 33 40227 -4 40227 5 40227 1 40227 -3 40230 53 40230 8 40230 -4 40230 -2 40230 10 40230 -13 40230 -2 40230 37 40231 -1 40231 -5 40231 -5 40232 2 40232 -2 40232 -2 40232 52 40232 -1 40232 6 40232 5 40232 -4 40233 -1 40234 55 40234 16 40235 -13 40235 -5 40235 -5 40235 30 40237 -5 40237 -3 40237 3 40237 6 40237 8 40237 5 40237 11 40237 32 40237 5 40237 -2 40237 -1 40238 1 40238 27 40240 1 40240 -7 40240 2 40241 23 40244 3 40244 -8 40244 2 40244 -1 40244 17 40247 -3 40248 16 40253 -6 40254 2 40255 29 40258 -5 40258 -8 40258 -3 40258 -2 40259 -1 40260 46 40260 -18 40260 -9 40261 -6 40261 12 40261 -5 40261 124 40262 -4 40262 -1 40263 -4 40264 -2 40264 127 40265 127 40272 127 40279 127 40286 127 40293 127 40300 127 40307 -4 40370 -1 40370 1 40371 -1 40371 -4 40375 1 40377 -1 40396 1 40396 -1 40397 1 40397 -3 40400 5 40400 2 40400 2 40401 1 40401 3 40403 1 40403 1 40403 3 40403 -2 40407 -1 40407 -2 40408 -2 40412 1 40412 -1 40414 -1 40414 1 40419 1 40431 1 40439 -2 40440 1 40445 -1 40447 -1 40447 3 40449 8 40456 -6 40456 -3 40456 9 40456 -3 40456 -2 40460 2 40460 -3 40460 1 40460 -1 40460 4 40462 -1 40464 3 40465 -1 40468 1 40469 -1 40476 2 40481 1 40488 -1 40488 1 40489 2 40500 -2 40501 1 40502 3 40505 1 40509 1 40509 -1 40510 -1 40513 1 40629 1 40629 1 40637 -1 40668 1 40668 1 40675 1 40712 1 40726 2 40726 -2 40732 2 40732 -1 40732 1 40738 -1 40738 1 40741 -3 40743 -3 40744 -1 40748 -1 40748 127 42473 127 42480 127 42487 127 42494 127 42501 127 42508 126 42515 1 42515 82 42521 43 42521 8 42521 -3 42521 1 42521 -5 42521 -5 42522 39 42522 -4 42522 1 42522 -1 42522 -5 42522 2 42522 -1 42523 50 42523 -3 42523 -5 42523 -8 42523 7 42523 1 42525 52 42525 -1 42525 -8 42525 -4 42525 2 42526 50 42528 4 42528 -3 42528 -3 42528 44 42532 -2 42532 1 42532 -2 42532 -4 42532 -2 42532 2 42532 2 42532 52 42532 4 42532 16 42532 -1 42532 -5 42532 -8 42532 -2 42532 -1 42532 37 42532 5 42532 3 42532 7 42532 6 42532 -1 42532 28 42534 8 42534 -5 42534 3 42534 2 42534 3 42534 1 42535 28 42535 -2 42535 -2 42535 1 42535 -5 42535 1 42535 -1 42535 1 42535 75 42535 -9 42535 -4 42535 -9 42537 2 42538 50 42538 12 42538 8 42538 4 42539 2 42539 1 42539 28 42540 6 42540 2 42541 -1 42541 40 42544 -17 42544 14 42544 -1 42545 -2 42546 -5 42546 58 42546 -1 42546 -4 42546 -1 42546 -1 42546 -1 42546 1 42547 58 42547 4 42547 -6 42547 -1 42547 -3 42547 -1 42547 3 42548 58 42548 -1 42548 1 42548 -2 42548 1 42548 46 42551 8 42551 -1 42552 1 42553 1 42554 38 42554 4 42554 3 42556 -1 42558 33 42558 1 42558 -4 42558 -1 42560 30 42562 3 42562 -5 42562 -2 42563 -1 42563 20 42565 -3 42565 1 42566 -2 42566 1 42566 31 42568 -2 42568 1 42568 -1 42568 -1 42569 33 42571 -5 42572 -2 42572 3 42572 1 42572 -1 42573 28 42573 5 42573 -6 42573 -6 42574 1 42576 93 42576 -40 42576 28 42576 -4 42576 14 42576 -9 42576 -2 42576 -8 42576 127 42576 127 42583 127 42590 127 42597 127 42604 127 42611 127 42618 -4 42681 -3 42681 2 42683 5 42686 1 42687 2 42693 1 42694 -1 42698 -3 42698 -1 42698 -2 42704 -2 42704 -1 42704 1 42709 1 42709 -2 42714 -3 42714 3 42716 2 42716 1 42718 1 42718 -2 42719 2 42721 1 42722 1 42742 -2 42744 -1 42748 -1 42754 -1 42758 -1 42760 2 42760 1 42760 -2 42762 2 42763 -3 42763 1 42763 -3 42765 2 42765 -1 42766 1 42766 4 42769 -4 42769 1 42770 1 42770 -1 42774 -1 42776 -1 42780 -1 42781 -2 42785 2 42785 2 42793 1 42793 -2 42798 -1 42800 1 42803 -2 42803 1 42809 -1 42811 1 42816 4 42822 -2 42824 6 42824 -3 42824 -1 42824 2 42939 -1 42971 -1 43039 1 43039 -1 43047 -1 43054 -1 43069 -1 43093 -1 43361 2 43448 127 44791 127 44798 127 44805 127 44812 127 44819 127 44826 122 44833 8 44833 3 44833 -4 44834 -6 44834 2 44834 2 44834 59 44834 19 44834 4 44835 4 44835 4 44835 1 44835 3 44835 32 44835 5 44835 1 44835 1 44835 2 44836 -1 44837 23 44837 2 44837 2 44837 2 44837 -3 44837 -1 44837 1 44837 1 44837 35 44837 -13 44837 16 44837 -2 44840 -5 44840 56 44840 -4 44840 -3 44840 -4 44840 3 44840 1 44841 55 44842 6 44842 -11 44842 2 44842 -3 44842 -2 44842 2 44843 51 44843 -5 44843 -7 44843 4 44844 -2 44844 2 44845 52 44845 2 44845 -5 44845 -3 44846 1 44846 50 44848 2 44848 -1 44848 -4 44848 45 44852 -4 44853 -3 44853 1 44855 63 44856 13 44857 -1 44857 -1 44857 -19 44857 -1 44857 -5 44857 42 44857 -8 44858 1 44858 -2 44859 1 44860 39 44860 -10 44861 1 44861 2 44861 42 44864 -3 44864 -9 44864 2 44866 54 44868 -5 44868 3 44868 3 44868 -8 44868 -6 44868 54 44870 1 44870 8 44870 3 44871 -2 44871 -1 44872 43 44872 4 44872 1 44872 5 44872 -5 44872 2 44872 -1 44872 2 44872 38 44872 4 44872 2 44873 1 44873 2 44875 39 44875 1 44876 1 44876 -1 44877 38 44879 -2 44880 1 44880 1 44880 40 44883 -1 44883 5 44883 2 44883 -2 44883 1 44883 -2 44884 30 44884 6 44884 5 44886 4 44886 1 44887 24 44887 2 44887 2 44887 2 44887 -2 44887 3 44887 33 44889 1 44889 -5 44892 3 44893 23 44893 1 44893 1 44894 8 44894 8 44894 -1 44894 -1 44894 40 44894 -6 44894 1 44894 4 44894 -19 44894 5 44894 -2 44894 102 44895 -28 44895 23 44895 -3 44895 12 44895 -3 44895 -1 44895 -5 44895 127 44895 127 44902 127 44909 127 44916 127 44923 127 44930 -1 44991 1 44992 -1 44994 -1 44994 1 44995 -1 44996 3 45004 2 45010 -1 45010 1 45013 -5 45015 3 45015 2 45016 1 45016 5 45019 1 45019 -2 45019 1 45025 -3 45032 1 45033 2 45037 1 45047 -3 45051 5 45054 1 45058 1 45060 1 45063 -2 45063 -1 45070 -1 45071 -1 45071 2 45077 -1 45081 1 45089 -1 45091 1 45091 1 45094 1 45094 1 45095 -1 45107 3 45113 -1 45113 1 45115 -2 45134 2 45134 -1 45134 1 45134 1 45139 -1 45140 1 45141 4 45143 -4 45146 1 45146 3 45148 3 45148 -1 45148 1 45148 4 45148 -1 45149 -2 45256 1 45264 1 45278 1 45294 -1 45301 -1 45329 1 45363 -1 45369 1 45369 1 45375 -1 45430 -1 45444 2 45444 -1 45444 -1 45449 1 45449 -1 45758 2 45765 127 47100 127 47107 127 47114 127 47121 127 47128 127 47135 109 47142 26 47142 9 47142 -2 47142 -9 47142 -12 47142 2 47142 2 47142 54 47142 8 47142 8 47142 1 47142 3 47142 38 47145 6 47145 24 47151 2 47151 -3 47151 -2 47152 1 47152 1 47152 3 47152 13 47152 2 47152 1 47152 1 47152 1 47153 17 47155 -4 47155 8 47155 7 47155 -6 47155 1 47155 38 47157 -9 47157 20 47157 6 47157 4 47157 51 47160 -4 47160 12 47160 3 47160 1 47160 1 47161 55 47162 8 47163 -3 47163 1 47163 -1 47163 49 47165 1 47165 -5 47165 -1 47165 1 47165 1 47165 1 47166 42 47166 3 47166 1 47167 43 47171 -2 47171 3 47171 51 47176 -4 47176 2 47177 1 47177 -1 47177 54 47179 4 47179 5 47180 -2 47180 55 47183 -2 47183 13 47183 -4 47183 -1 47183 -2 47183 59 47185 -6 47185 8 47185 -8 47185 8 47185 -1 47187 69 47187 -6 47188 -8 47188 2 47188 -2 47188 1 47188 1 47188 61 47188 6 47188 -4 47188 -2 47188 1 47188 -2 47188 45 47190 2 47190 10 47190 -4 47190 -7 47190 -2 47190 1 47190 -1 47190 42 47190 -4 47190 17 47190 -11 47190 1 47190 -1 47192 46 47192 2 47192 10 47192 -8 47192 -3 47192 -1 47192 32 47194 4 47194 8 47194 -2 47194 8 47194 5 47194 -1 47195 26 47195 -1 47195 4 47198 -1 47199 28 47199 7 47199 -1 47199 -1 47200 -2 47200 -1 47201 35 47201 -13 47201 -4 47201 5 47201 1 47201 -1 47201 1 47201 1 47201 28 47201 3 47201 -2 47201 9 47203 -2 47204 36 47204 11 47204 8 47205 -1 47205 -7 47205 -1 47205 -5 47205 65 47205 -39 47205 -8 47205 -4 47205 13 47205 -4 47205 2 47205 -6 47205 119 47205 -12 47205 3 47205 5 47205 2 47205 -7 47205 -1 47205 127 47206 127 47213 127 47220 127 47227 127 47234 1 47289 1 47292 2 47295 1 47299 -1 47304 1 47308 -2 47308 1 47318 -4 47321 3 47321 -2 47322 -1 47322 4 47325 -1 47325 -3 47325 1 47325 1 47325 -1 47325 2 47327 -3 47328 -1 47328 -1 47328 -1 47328 2 47334 -2 47337 1 47337 -1 47343 -1 47345 1 47353 -2 47356 -1 47357 1 47357 1 47357 -1 47360 -2 47360 2 47366 -3 47366 2 47372 -1 47372 -1 47373 -2 47378 -1 47381 -1 47384 -2 47386 5 47389 1 47391 -1 47391 2 47394 -1 47397 1 47397 -4 47399 2 47399 1 47400 -1 47407 -1 47407 -1 47410 1 47412 1 47419 1 47419 -3 47422 -1 47422 -1 47422 1 47422 1 47423 1 47425 -4 47425 -3 47426 4 47430 1 47432 -2 47432 1 47435 -3 47437 9 47437 -5 47437 7 47439 -1 47439 -1 47440 4 47440 -1 47440 -1 47531 -1 47531 -1 47538 -1 47552 1 47594 1 47632 1 47654 -1 47668 -1 47669 1 47714 -1 47714 -1 47728 1 47728 2 47733 -4 47733 3 47733 -1 47733 -1 47737 1 47737 127 49383 127 49390 127 49397 127 49404 127 49411 126 49418 79 49425 40 49425 4 49425 2 49425 1 49425 6 49425 -1 49425 -1 49425 36 49425 4 49425 4 49425 3 49425 4 49426 39 49428 4 49428 2 49428 -2 49428 -1 49428 -1 49430 35 49430 6 49433 -1 49433 -1 49434 26 49434 -7 49435 -1 49435 -2 49435 1 49436 24 49437 -3 49437 -10 49437 3 49437 1 49437 1 49437 1 49437 1 49437 24 49437 -3 49438 -2 49438 -6 49438 3 49438 -3 49438 32 49439 5 49439 4 49439 1 49440 -1 49441 -1 49441 35 49441 -2 49441 -8 49441 4 49441 -1 49441 -3 49441 1 49441 1 49441 37 49441 2 49442 5 49442 1 49442 -3 49444 33 49444 7 49445 2 49445 2 49445 2 49445 1 49445 -3 49445 38 49445 -4 49445 4 49445 1 49445 1 49445 3 49445 -1 49445 -2 49445 51 49445 -6 49445 1 49445 4 49445 -4 49445 -4 49445 2 49445 45 49446 6 49446 6 49446 1 49446 -4 49447 2 49448 32 49448 9 49448 7 49448 1 49448 2 49448 2 49448 -3 49448 25 49449 8 49449 4 49449 2 49449 -6 49449 2 49449 34 49451 -6 49451 25 49451 -1 49452 -8 49452 1 49452 -3 49452 24 49452 1 49452 19 49452 8 49452 18 49456 3 49456 5 49456 1 49456 4 49456 2 49456 16 49458 1 49458 -2 49458 -1 49458 -1 49459 -2 49459 1 49459 21 49459 -2 49459 -1 49460 -1 49460 -1 49461 24 49462 -6 49463 2 49463 2 49466 30 49466 -2 49466 -1 49467 -1 49467 1 49467 29 49469 5 49469 -3 49469 3 49469 2 49469 1 49469 32 49471 -1 49471 4 49471 4 49471 -11 49471 1 49471 1 49472 27 49472 6 49472 7 49472 6 49473 5 49473 3 49474 43 49474 1 49474 15 49474 -1 49474 8 49474 -10 49474 -5 49475 62 49475 -27 49475 2 49475 2 49475 -16 49475 27 49475 -8 49475 1 49475 126 49475 127 49482 127 49489 127 49496 127 49503 127 49510 -1 49565 2 49565 -1 49567 1 49571 -1 49582 -1 49589 -2 49591 1 49594 -1 49597 -1 49597 -1 49601 -1 49603 1 49603 1 49604 -6 49607 -6 49607 2 49608 1 49609 6 49611 -3 49611 -1 49611 -4 49611 1 49613 -1 49614 1 49614 -3 49614 4 49614 1 49618 -1 49619 1 49620 -1 49623 -3 49623 -1 49623 1 49623 2 49623 3 49626 4 49626 -1 49629 1 49631 4 49631 1 49631 1 49631 -6 49635 -3 49635 -1 49637 1 49637 -2 49639 1 49639 -1 49639 5 49644 -2 49644 -1 49644 -4 49649 3 49649 1 49649 -1 49649 -1 49649 2 49652 1 49654 1 49654 -1 49657 1 49657 1 49663 -1 49663 -1 49669 -2 49677 -1 49683 -1 49683 1 49684 1 49697 1 49703 -1 49703 1 49704 3 49704 2 49707 -4 49710 6 49710 -1 49710 1 49824 1 49855 1 49864 1 49896 -2 49902 -2 49902 1 49917 1 49921 1 49929 -1 49936 -1 50189 127 51668 127 51675 127 51682 127 51689 127 51696 125 51703 2 51703 -1 51706 67 51708 20 51708 6 51708 -1 51708 8 51708 10 51708 4 51708 3 51708 35 51708 6 51708 2 51708 7 51710 25 51712 4 51712 2 51712 -1 51716 31 51716 -9 51716 1 51718 3 51720 30 51720 3 51720 3 51720 -1 51720 3 51721 43 51723 2 51724 -1 51725 -1 51726 -4 51726 43 51726 2 51726 -4 51726 -3 51726 1 51726 -1 51726 1 51726 1 51726 39 51726 -6 51726 2 51728 -4 51728 -1 51728 1 51728 50 51728 -4 51728 -3 51728 4 51729 1 51729 5 51729 48 51730 6 51730 -6 51730 3 51730 5 51730 -1 51730 1 51730 -2 51730 34 51730 -7 51731 8 51731 -6 51731 36 51734 -6 51734 -9 51734 10 51734 -1 51735 1 51735 2 51735 31 51735 4 51735 2 51735 12 51735 -3 51735 4 51735 2 51736 39 51736 -4 51736 11 51736 2 51736 8 51736 -1 51736 -1 51736 -8 51736 43 51736 6 51736 1 51736 -7 51736 -7 51736 3 51737 -3 51737 20 51737 3 51737 -1 51737 1 51737 2 51737 1 51737 1 51737 3 51737 15 51737 2 51737 -8 51737 4 51739 -1 51739 1 51739 19 51739 4 51739 -7 51739 -1 51739 -4 51739 -2 51740 2 51740 22 51740 2 51740 -2 51740 -1 51741 -2 51741 -1 51741 1 51741 22 51741 -6 51742 -1 51742 -2 51743 1 51743 27 51744 -3 51744 -4 51744 -1 51745 -4 51745 -1 51745 37 51746 -6 51746 -1 51746 -2 51750 34 51750 5 51750 -6 51750 4 51750 -6 51750 1 51750 1 51751 34 51751 -2 51751 8 51751 1 51751 -6 51752 3 51752 -2 51752 25 51752 7 51752 4 51752 3 51752 4 51752 1 51754 16 51754 1 51758 26 51760 -11 51760 2 51760 -2 51761 10 51761 -3 51761 2 51761 61 51761 -2 51761 1 51761 1 51761 6 51762 -7 51762 4 51762 125 51762 -3 51762 1 51764 -3 51764 -1 51764 127 51765 127 51772 127 51779 127 51786 127 51793 1 51851 -1 51851 -3 51854 -1 51858 -2 51884 -1 51885 -1 51885 -1 51885 1 51885 -2 51895 1 51898 -2 51898 3 51898 1 51899 1 51899 1 51899 -1 51899 -1 51905 -1 51905 1 51905 -1 51906 -2 51907 -1 51907 -3 51913 -1 51915 1 51919 3 51919 1 51920 -6 51925 -3 51925 -2 51925 -2 51925 1 51925 1 51930 2 51934 -3 51945 1 51945 -2 51947 1 51954 -1 51954 -1 51960 1 51963 1 51966 -3 51973 -1 51973 1 51976 3 51978 -1 51978 1 51978 -1 51979 -2 51982 2 51985 4 51988 1 51988 -1 51994 1 52001 -1 52001 -1 52007 1 52007 -1 52009 -3 52009 1 52010 -1 52016 -1 52105 -1 52105 -1 52176 1 52184 -1 52184 1 52190 -1 52191 -1 52196 -1 52196 2 52201 1 52201 -1 52271 1 52271 1 52278 1 52467 127 53962 127 53969 127 53976 127 53983 127 53990 124 53997 4 53997 -3 54000 1 54000 -1 54000 58 54000 27 54000 11 54003 2 54003 41 54004 -2 54004 -4 54004 -2 54004 -10 54005 4 54006 20 54006 4 54006 3 54009 33 54011 -10 54011 -9 54011 3 54011 -1 54011 -7 54011 2 54011 5 54011 29 54011 -1 54014 1 54014 32 54016 2 54016 4 54016 -3 54016 -3 54017 2 54018 32 54018 -6 54018 4 54018 2 54018 -3 54018 1 54018 46 54020 -4 54020 2 54020 -6 54020 -2 54020 -4 54020 -1 54020 49 54021 -6 54021 2 54023 5 54023 -1 54023 2 54023 66 54023 2 54023 -6 54023 -4 54023 5 54023 -3 54023 1 54023 2 54023 55 54023 -3 54024 1 54024 1 54026 -1 54026 54 54026 4 54027 -1 54027 -1 54028 2 54028 60 54029 -7 54029 -14 54029 -1 54029 4 54029 -3 54029 3 54030 51 54030 -2 54030 -8 54030 -3 54030 -4 54030 6 54030 2 54030 39 54031 13 54031 -3 54031 -4 54031 1 54032 1 54032 33 54033 1 54034 -4 54034 -3 54034 -4 54034 -1 54035 31 54035 -3 54035 -4 54035 2 54036 -1 54036 27 54038 7 54038 1 54038 1 54039 2 54039 -1 54039 28 54040 -6 54040 -1 54040 2 54040 4 54040 1 54040 -1 54040 -1 54040 45 54040 1 54040 -18 54040 1 54040 2 54040 -5 54040 2 54041 35 54041 1 54043 -1 54044 -3 54045 42 54045 -13 54045 2 54045 -2 54045 -5 54045 2 54045 61 54047 9 54047 -2 54048 11 54048 -10 54048 1 54048 -3 54048 36 54048 -5 54048 -8 54048 2 54048 -5 54048 2 54048 1 54048 -1 54048 21 54048 6 54048 -1 54048 2 54048 1 54048 -1 54048 1 54048 1 54048 27 54048 -4 54048 -15 54048 7 54048 -3 54048 -2 54048 -3 54048 5 54048 28 54048 -1 54048 3 54050 6 54050 2 54050 2 54050 51 54050 -21 54050 -1 54050 3 54050 4 54050 5 54050 -1 54050 -3 54050 125 54050 -4 54050 -1 54050 -1 54051 -4 54051 -2 54051 -1 54051 127 54051 127 54058 127 54065 127 54072 127 54079 -3 54134 -2 54136 -2 54136 -1 54136 1 54143 1 54153 3 54160 -2 54167 1 54167 3 54169 6 54172 1 54176 -1 54180 -1 54183 2 54184 1 54195 2 54199 1 54205 3 54205 1 54205 -1 54205 -1 54205 -3 54205 3 54207 1 54210 -2 54213 -1 54214 1 54214 1 54219 1 54221 2 54227 2 54227 1 54227 -1 54233 -1 54233 -2 54235 -1 54235 -1 54237 -1 54237 -1 54237 2 54238 -1 54238 -1 54240 -1 54240 -2 54242 3 54242 3 54248 1 54251 2 54254 -1 54262 -1 54264 1 54264 1 54266 1 54273 -1 54273 2 54279 -2 54279 -3 54281 1 54281 -1 54284 -3 54285 2 54286 1 54286 -1 54291 1 54292 -1 54299 1 54389 -2 54437 -1 54443 -1 54475 -1 54514 -1 54537 -1 54551 1 54559 -1 54581 1 54787 -1 54802 -1 54873 127 56248 127 56255 127 56262 127 56269 127 56276 124 56283 4 56283 -2 56283 -1 56283 2 56283 -2 56283 71 56285 26 56285 -8 56285 -2 56285 -1 56285 1 56285 5 56285 2 56285 41 56285 -4 56285 3 56285 1 56285 2 56285 -8 56285 -1 56286 31 56286 -7 56286 -5 56286 3 56287 7 56287 1 56287 52 56288 -3 56289 1 56289 -3 56290 -1 56290 -3 56290 29 56290 10 56290 4 56293 1 56293 39 56294 -24 56294 -6 56294 -3 56294 5 56294 9 56294 1 56294 41 56295 14 56295 -7 56295 2 56296 7 56296 2 56296 -1 56296 28 56296 3 56296 1 56296 -3 56297 4 56297 -1 56298 44 56298 -9 56298 9 56298 -1 56298 -1 56299 1 56300 47 56300 3 56300 7 56300 -2 56301 43 56304 3 56304 9 56304 -2 56306 -2 56306 37 56307 5 56307 11 56307 1 56308 1 56308 -2 56308 39 56309 1 56309 17 56309 1 56309 -1 56309 -2 56309 1 56309 32 56310 1 56310 14 56310 3 56310 -3 56310 1 56310 1 56310 23 56311 1 56311 10 56311 1 56311 -1 56312 -1 56313 20 56313 -10 56313 -5 56313 1 56313 5 56313 -2 56315 36 56315 7 56315 -3 56315 2 56315 -3 56315 -6 56315 -4 56315 1 56315 29 56315 -1 56315 -2 56315 -1 56315 1 56315 37 56318 -10 56318 1 56318 -2 56318 -2 56318 4 56318 -1 56319 57 56319 -5 56319 3 56319 1 56319 3 56320 42 56322 16 56322 -2 56322 -3 56322 4 56323 2 56324 38 56324 -7 56324 1 56327 -1 56328 66 56328 -11 56328 -3 56329 -3 56329 -4 56329 -1 56329 -1 56329 51 56329 22 56329 -3 56329 -3 56329 -3 56330 1 56330 -3 56330 22 56330 6 56331 1 56331 -3 56331 1 56331 -2 56332 32 56332 -1 56332 8 56332 2 56332 -2 56333 40 56335 -10 56335 -10 56335 2 56336 -7 56336 -2 56336 4 56336 58 56336 -7 56336 -1 56337 -11 56337 6 56337 6 56337 2 56337 123 56337 -7 56337 2 56337 2 56338 -7 56338 -3 56338 2 56338 127 56338 127 56345 127 56352 127 56359 127 56366 1 56413 -1 56414 -2 56419 -1 56422 -3 56429 -1 56429 2 56431 -1 56435 -2 56445 2 56452 -2 56456 -3 56456 -1 56457 -1 56464 3 56471 -1 56473 -1 56473 -1 56473 -1 56475 1 56475 1 56483 4 56488 -1 56488 -1 56488 -1 56488 -1 56488 -2 56491 1 56491 1 56491 -2 56492 -1 56498 2 56499 1 56506 -1 56525 1 56531 -1 56531 1 56532 -1 56532 -1 56535 -1 56535 -2 56537 -3 56540 -1 56542 1 56543 2 56545 -1 56545 1 56546 -1 56546 1 56550 1 56551 1 56552 -1 56555 1 56558 4 56560 -1 56560 -1 56563 -3 56565 3 56565 1 56566 1 56567 1 56569 2 56569 1 56570 1 56571 -2 56573 -3 56577 -1 56578 1 56583 -1 56583 1 56682 1 56682 1 56686 1 56693 -1 56726 1 56814 -1 56843 1 56849 -2 56849 1 56849 -1 56849 1 56856 -1 56856 -1 56861 1 56862 1 57065 -1 57176 127 58527 127 58534 127 58541 127 58548 127 58555 123 58562 5 58562 1 58562 -1 58563 -4 58563 1 58563 82 58564 28 58564 -1 58564 3 58565 -5 58565 2 58565 -1 58565 46 58565 -1 58568 -6 58568 -2 58569 36 58569 -10 58569 1 58569 -1 58570 9 58570 45 58572 4 58572 7 58572 2 58572 4 58572 3 58572 1 58572 29 58573 9 58573 -2 58573 -1 58574 1 58576 32 58576 -19 58576 5 58576 2 58576 -5 58576 9 58576 1 58577 47 58577 -1 58577 4 58577 8 58579 7 58579 30 58580 7 58580 -6 58580 1 58580 -5 58580 2 58580 3 58581 21 58581 5 58581 4 58581 2 58581 1 58581 22 58584 -3 58584 3 58584 3 58584 1 58585 1 58586 29 58586 -1 58586 2 58586 2 58586 1 58586 1 58586 -1 58587 34 58587 2 58587 -5 58587 1 58587 7 58587 2 58587 24 58589 -3 58589 -3 58589 1 58589 3 58589 6 58589 -1 58590 31 58590 9 58590 -6 58590 -1 58590 -1 58592 -1 58592 17 58592 -2 58593 1 58595 -1 58596 28 58596 -12 58596 -2 58596 -4 58597 6 58597 -1 58597 51 58598 8 58598 6 58598 -3 58598 -1 58598 -7 58598 3 58598 -2 58598 29 58598 -1 58598 1 58598 -4 58600 1 58601 28 58601 -3 58601 6 58601 -1 58602 1 58602 43 58604 -1 58604 14 58604 -3 58604 -4 58604 -2 58604 33 58606 -3 58606 2 58607 6 58607 7 58607 -1 58607 56 58608 -8 58608 -14 58608 1 58608 1 58608 1 58608 -1 58609 60 58609 -6 58609 -2 58609 1 58611 1 58611 -2 58611 65 58611 6 58611 -6 58611 -4 58611 4 58611 -3 58611 46 58613 17 58613 -4 58614 10 58614 -1 58614 -2 58614 -4 58614 22 58614 -5 58614 -1 58614 1 58614 -5 58614 10 58614 38 58616 4 58617 3 58617 -2 58617 -1 58617 -2 58617 2 58617 49 58617 1 58617 8 58617 -3 58617 2 58617 -5 58617 113 58619 -24 58619 5 58619 -1 58619 6 58619 -19 58619 -6 58619 2 58619 127 58619 127 58626 127 58633 127 58640 127 58647 -2 58702 -1 58707 -1 58708 -1 58710 -1 58710 -1 58710 -2 58716 1 58717 -1 58718 -1 58720 -2 58720 -1 58735 2 58735 -1 58735 -1 58741 3 58743 2 58746 2 58746 -2 58748 -1 58751 -1 58751 1 58753 1 58753 -1 58764 -1 58764 -1 58766 -1 58768 -2 58768 -1 58770 1 58774 1 58774 -2 58800 1 58801 -1 58805 1 58812 -1 58812 1 58820 1 58820 1 58821 1 58828 -1 58831 4 58837 -2 58837 -1 58838 1 58838 3 58841 -1 58845 -3 58849 3 58850 4 58853 -1 58853 -2 58856 1 58856 -1 58857 -1 58859 -4 58859 2 58859 -2 58859 1 58861 1 58865 -1 58865 -1 58865 1 58865 1 58866 -1 58868 1 58974 -1 58996 2 59035 -1 59146 -1 59146 2 59146 -1 59146 -1 59146 -1 59151 -1 59156 -2 59156 2 59163 127 60817 127 60824 127 60831 127 60838 127 60845 121 60852 8 60852 2 60852 -3 60853 -5 60853 1 60853 1 60853 78 60853 15 60853 2 60853 2 60853 6 60853 -1 60853 1 60853 56 60854 7 60854 -7 60854 -4 60855 -4 60855 44 60857 -1 60857 -8 60857 1 60857 -1 60859 1 60859 51 60859 1 60859 -3 60859 -3 60859 -2 60859 -1 60859 34 60861 12 60861 1 60863 4 60863 41 60865 -9 60865 -7 60865 -2 60866 1 60866 2 60866 2 60866 39 60866 -1 60867 1 60867 -2 60867 1 60867 1 60867 -1 60867 36 60867 18 60867 1 60868 7 60868 5 60868 25 60870 -3 60870 -4 60870 1 60872 1 60872 -1 60872 25 60872 3 60872 -2 60872 -1 60873 -3 60873 19 60875 -7 60875 4 60875 1 60875 1 60875 7 60875 -1 60875 44 60876 -4 60876 2 60876 -1 60876 -8 60877 -2 60877 -2 60877 34 60877 -5 60877 -1 60877 -3 60878 -1 60878 -1 60878 3 60878 41 60878 -1 60878 -4 60878 4 60879 1 60880 3 60880 29 60880 1 60880 -6 60880 -1 60881 2 60881 2 60882 37 60882 -3 60883 -1 60883 -1 60883 -3 60883 1 60883 1 60883 31 60883 2 60884 2 60884 3 60884 -1 60886 33 60886 4 60886 -6 60886 2 60886 -3 60886 -3 60886 -1 60886 2 60886 27 60886 -1 60888 4 60888 31 60891 -1 60891 -7 60891 3 60891 -2 60892 46 60894 -18 60894 -3 60894 -3 60894 -5 60894 -1 60895 2 60895 68 60895 2 60895 12 60895 -3 60895 -1 60896 -2 60897 68 60897 1 60897 2 60897 -2 60897 7 60897 -3 60897 64 60899 -7 60899 2 60900 -4 60900 2 60900 1 60900 -3 60900 50 60900 17 60900 -8 60900 -2 60900 4 60900 -1 60900 2 60900 1 60900 23 60900 -1 60900 -1 60900 1 60900 -1 60900 2 60900 2 60900 1 60900 45 60900 -17 60900 6 60900 -2 60900 11 60900 -4 60900 -11 60901 39 60901 6 60901 -11 60901 3 60901 -6 60901 3 60901 2 60901 -1 60901 105 60901 -37 60901 -2 60901 -2 60902 -25 60902 -6 60902 127 60903 127 60910 127 60917 127 60924 127 60931 -1 60986 -2 60986 -1 60987 -1 61000 -1 61001 1 61002 2 61004 1 61016 1 61030 1 61030 3 61030 -1 61030 -2 61030 -1 61035 2 61036 -1 61040 -1 61040 1 61047 1 61048 -1 61051 1 61051 -1 61053 2 61056 3 61056 -1 61059 -1 61062 -1 61076 1 61076 1 61082 -1 61093 -1 61096 -1 61099 -1 61101 1 61101 1 61104 -1 61104 6 61110 -1 61110 -1 61112 -1 61115 1 61118 2 61122 -1 61122 -1 61122 3 61122 2 61125 -1 61125 -1 61127 -2 61130 -2 61130 -1 61131 2 61131 -1 61131 2 61133 -1 61137 2 61139 -3 61139 -1 61140 -2 61142 1 61143 -2 61146 -1 61146 -1 61147 -1 61245 -1 61299 1 61329 2 61329 1 61368 -1 61431 1 61440 1 61452 -1 61636 127 63106 127 63113 127 63120 127 63127 127 63134 124 63141 3 63141 -2 63141 1 63142 -1 63142 86 63144 24 63144 -4 63144 1 63144 -2 63144 7 63144 63 63146 5 63146 1 63147 -1 63147 3 63147 62 63149 4 63149 7 63149 -4 63149 1 63149 -1 63149 1 63150 48 63150 2 63150 -1 63150 1 63150 4 63150 3 63150 47 63152 -2 63152 -7 63152 -2 63152 4 63152 8 63152 53 63154 -1 63156 -5 63156 -1 63156 1 63156 40 63157 -2 63157 3 63159 4 63159 2 63159 2 63159 33 63159 4 63159 3 63159 1 63159 -2 63159 6 63159 -1 63159 36 63160 9 63160 -1 63160 -4 63161 4 63161 -1 63161 3 63161 28 63161 11 63161 -3 63161 1 63161 -1 63161 -3 63161 -4 63161 20 63162 2 63162 -2 63162 -4 63163 -1 63164 29 63165 -12 63165 1 63166 -1 63166 1 63166 1 63166 43 63167 -1 63168 -1 63168 -1 63168 -1 63168 37 63170 -6 63170 6 63170 -1 63171 -11 63171 4 63171 -1 63171 41 63171 -2 63171 2 63171 -2 63171 2 63171 -5 63171 2 63171 -1 63171 35 63171 4 63171 4 63171 1 63173 -1 63174 36 63174 -1 63175 2 63179 47 63179 3 63180 -1 63180 -4 63181 37 63183 -7 63183 -7 63183 4 63184 6 63184 1 63184 55 63185 7 63186 -6 63186 -5 63186 -7 63186 -1 63187 47 63187 7 63187 5 63187 -1 63187 4 63187 -2 63187 46 63189 -6 63189 4 63189 1 63191 -1 63191 1 63191 65 63191 -1 63191 -5 63192 4 63192 -2 63192 -1 63192 1 63192 63 63192 -2 63192 4 63192 -3 63193 3 63193 67 63195 3 63195 2 63195 -2 63195 7 63195 -3 63195 -2 63196 33 63196 10 63196 -8 63196 2 63196 3 63197 2 63197 30 63198 -14 63198 5 63198 -7 63199 7 63199 -2 63199 4 63199 59 63199 7 63199 4 63199 -4 63199 6 63199 -6 63199 110 63201 -29 63201 -22 63204 -6 63204 127 63205 127 63212 127 63219 127 63226 127 63233 -4 63288 1 63290 5 63294 -1 63303 -2 63321 1 63329 -1 63338 -1 63341 -1 63341 -2 63343 1 63347 -1 63347 -2 63354 1 63368 -1 63376 1 63376 -1 63381 -1 63381 1 63381 1 63385 -2 63385 -1 63395 1 63402 -2 63405 2 63405 -1 63408 -1 63410 -1 63415 2 63415 -5 63419 -1 63419 -1 63421 1 63424 -1 63428 -3 63430 -1 63431 -1 63431 1 63431 1 63434 -1 63441 -1 63441 2 63443 -1 63447 1 63449 -2 63452 -2 63456 1 63462 3 63462 -1 63464 -1 63608 -1 63646 1 63669 -1 63710 -1 63717 1 63771 127 65425 127 65432 127 65439 127 65446 127 65453 127 65460 101 65467 19 65467 -5 65467 1 65467 2 65468 1 65469 57 65469 21 65469 7 65469 3 65471 1 65471 -3 65471 37 65471 1 65472 3 65473 4 65473 -1 65473 57 65474 -7 65474 -4 65474 -1 65474 -1 65474 -4 65474 57 65476 4 65476 -4 65476 -6 65477 -3 65477 1 65477 2 65477 48 65477 1 65477 1 65478 4 65478 2 65480 46 65480 -1 65481 -3 65482 -2 65482 34 65484 -4 65485 2 65486 1 65486 -1 65487 32 65487 4 65487 4 65488 -4 65489 -2 65490 37 65490 -2 65490 -3 65490 4 65491 -13 65491 32 65493 12 65493 -6 65493 -1 65494 2 65494 -1 65494 31 65495 -1 65495 -3 65497 4 65497 -3 65498 41 65498 -7 65498 -1 65498 1 65498 2 65498 -1 65498 1 65498 33 65499 -3 65499 -6 65499 3 65500 -1 65500 2 65500 -2 65500 33 65500 -3 65501 3 65501 -2 65501 1 65502 1 65502 28 65502 2 65502 1 65503 -2 65505 1 65505 39 65505 -11 65505 -7 65505 1 65505 3 65505 -1 65505 53 65507 4 65507 -13 65507 3 65507 -2 65507 -7 65507 2 65507 -1 65507 34 65507 5 65508 2 65508 -4 65508 -2 65510 30 65510 1 65510 1 65510 -1 65510 46 65514 -8 65514 5 65514 -2 65514 -1 65514 -3 65514 -1 65515 48 65515 -2 65516 -1 65516 2 65516 1 65516 1 65516 45 65517 3 65517 -1 65517 3 65517 -1 65517 2 65517 -4 65518 50 65518 1 65518 -3 65518 2 65518 -2 65518 57 65521 -11 65521 5 65521 -1 65521 -5 65521 3 65521 55 65523 17 65523 -4 65523 3 65524 3 65524 32 65526 -2 65527 -4 65527 -9 65527 -2 65527 3 65527 -1 65527 41 65527 -6 65527 1 65527 1 65527 -1 65528 -2 65528 1 65528 98 65528 -39 65528 7 65528 -6 65530 4 65530 -8 65530 127 65530 127 65537 127 65544 127 65551 127 65558 -1 65624 2 65624 -1 65624 1 65635 -1 65653 1 65661 -1 65663 -1 65666 -2 65674 2 65676 2 65679 -2 65679 1 65679 -1 65687 1 65692 -1 65692 1 65693 -1 65700 -1 65703 -1 65706 -1 65714 -1 65724 1 65724 -1 65726 -2 65733 2 65748 -2 65748 1 65749 -2 65749 -3 65752 -1 65755 1 65766 -2 65777 -4 65780 -1 65781 -1 65782 1 65782 2 65784 1 65785 1 65785 1 65786 1 65789 1 65790 -1 65790 1 65793 1 65793 2 65795 -2 65795 1 65795 -1 65949 1 66045 -1 66045 -1 66090 1 66090 2 66103 -1 66423 127 67749 127 67756 127 67763 127 67770 127 67777 126 67784 1 67784 106 67790 18 67790 -2 67790 2 67790 1 67793 56 67793 16 67793 3 67793 -4 67793 2 67793 9 67793 1 67794 50 67794 -2 67794 -4 67794 -3 67794 3 67794 -1 67794 1 67795 55 67795 -5 67795 5 67798 -2 67798 -2 67798 67 67798 9 67798 -6 67798 4 67799 -1 67799 -2 67800 57 67800 -3 67800 -2 67800 -1 67800 1 67800 4 67800 -2 67801 57 67801 9 67801 -5 67801 1 67802 -1 67802 -2 67802 52 67803 -2 67804 -3 67804 -2 67804 -1 67804 -1 67804 -1 67804 53 67804 1 67804 -7 67804 -1 67808 45 67808 2 67808 -3 67808 1 67810 -3 67811 43 67811 2 67811 -1 67811 4 67812 1 67812 -2 67812 37 67813 4 67813 -6 67813 3 67815 -4 67815 1 67815 44 67815 -3 67818 40 67821 -6 67821 -1 67821 1 67821 -2 67821 5 67821 50 67823 -4 67824 -1 67824 4 67825 1 67826 45 67826 7 67826 -9 67826 -2 67826 -2 67827 1 67828 52 67828 -10 67828 -4 67830 -1 67832 70 67832 11 67832 6 67832 -1 67832 3 67832 -13 67832 -1 67832 1 67832 41 67832 4 67832 -6 67832 1 67832 3 67833 42 67835 1 67835 -16 67835 2 67835 3 67835 -4 67835 2 67836 36 67836 -5 67836 2 67837 -6 67837 2 67837 -1 67838 53 67838 -5 67838 -1 67838 -1 67838 -3 67838 4 67838 68 67840 -1 67840 -3 67840 -2 67840 4 67840 1 67840 -1 67840 1 67840 74 67840 2 67840 -4 67840 -1 67840 -2 67841 58 67843 6 67843 -6 67843 1 67843 -4 67843 1 67843 1 67844 47 67844 6 67844 -2 67844 4 67844 3 67844 32 67847 2 67847 -6 67847 4 67847 3 67847 3 67847 -4 67848 35 67848 -9 67848 -1 67848 2 67848 -1 67848 -1 67848 1 67848 -3 67848 75 67848 -47 67848 1 67848 2 67848 2 67848 19 67848 2 67848 1 67848 127 67848 127 67855 127 67862 127 67869 127 67876 -1 67923 -1 67934 2 67937 -1 67937 -1 67939 -1 67939 -2 67941 -1 67948 -1 67951 1 67952 1 67953 -1 67956 -2 67959 -1 67962 -1 67982 -1 67988 -1 67991 1 67992 3 67993 -1 68006 -1 68013 1 68020 1 68026 -1 68028 -1 68032 1 68032 -1 68037 1 68037 -3 68039 1 68042 1 68042 -1 68045 -1 68051 1 68066 1 68073 1 68076 -1 68076 -1 68080 1 68080 -1 68084 -1 68084 -1 68086 -1 68089 -1 68089 1 68090 -2 68095 1 68095 -1 68098 1 68099 1 68099 -1 68100 -1 68101 -4 68109 1 68326 1 68334 1 68404 1 68411 -1 68411 1 68418 127 70064 127 70071 127 70078 127 70085 127 70092 127 70099 110 70106 27 70106 -1 70106 3 70106 1 70106 -15 70106 3 70106 39 70107 8 70107 3 70107 3 70107 3 70107 2 70107 1 70107 -2 70107 57 70107 -16 70107 -14 70107 4 70107 -1 70107 -1 70108 68 70109 -7 70110 1 70110 -4 70110 5 70110 -1 70110 2 70110 74 70110 4 70110 -4 70113 61 70115 -4 70115 -2 70115 -4 70116 5 70116 69 70118 6 70118 -3 70118 2 70119 -1 70119 49 70121 1 70121 -1 70121 -1 70122 8 70122 66 70124 -3 70124 2 70126 -1 70126 63 70128 -4 70129 -1 70129 -1 70129 1 70130 2 70130 53 70130 1 70130 -3 70130 1 70133 1 70133 56 70133 -3 70133 -6 70133 1 70134 48 70137 7 70137 -8 70137 1 70137 1 70137 50 70140 -9 70140 -1 70140 -1 70140 3 70141 2 70141 -1 70141 55 70141 -1 70141 -2 70141 1 70141 5 70142 1 70142 52 70143 2 70143 1 70143 3 70145 1 70145 -1 70145 53 70145 4 70145 -2 70145 -1 70146 -4 70146 -1 70146 1 70146 49 70146 -11 70146 7 70146 -1 70146 3 70146 1 70147 -4 70147 62 70147 -1 70148 -2 70148 3 70148 2 70148 -1 70149 68 70149 -2 70149 -1 70151 -1 70153 49 70153 7 70153 -6 70153 4 70155 2 70155 -1 70155 43 70155 -2 70155 1 70155 3 70155 -2 70155 2 70155 -1 70155 63 70156 -8 70156 7 70156 1 70156 -1 70157 73 70159 -3 70159 3 70159 -1 70159 2 70159 2 70159 -1 70160 74 70160 -1 70160 -2 70165 79 70165 -3 70165 -4 70165 -4 70165 1 70168 57 70168 8 70168 11 70168 -7 70168 -8 70168 7 70168 5 70168 33 70169 -8 70169 2 70169 1 70169 2 70169 6 70169 -2 70170 90 70170 -51 70170 -9 70170 -3 70170 -1 70170 -12 70170 3 70170 9 70170 127 70170 127 70177 127 70184 127 70191 127 70198 -4 70253 1 70256 -1 70260 1 70262 3 70265 -1 70273 1 70292 -1 70307 -1 70318 1 70328 1 70347 1 70354 2 70361 -1 70364 1 70364 -1 70371 1 70377 1 70384 -1 70388 2 70394 -1 70394 1 70396 -1 70404 -1 70407 -1 70416 1 70420 -1 70427 -1 70428 2 70433 1 70436 2 70439 1 70443 3 70449 2 70449 1 70449 -1 70541 1 70553 -1 70561 -1 70663 1 70696 -1 70743 -1 70744 -2 70755 1 70755 127 72401 127 72408 127 72415 127 72422 127 72429 127 72436 125 72443 3 72443 -2 72443 2 72444 -3 72444 1 72444 -1 72444 79 72444 1 72444 -18 72444 -4 72444 -7 72444 12 72444 7 72444 3 72444 82 72444 4 72444 4 72444 -2 72444 -1 72444 -1 72444 -1 72444 74 72445 1 72445 2 72446 1 72449 72 72449 1 72449 1 72450 -1 72451 56 72453 10 72453 5 72453 -4 72454 4 72454 63 72456 -10 72456 7 72456 5 72457 -8 72457 1 72458 53 72458 2 72458 -2 72458 2 72459 5 72459 1 72459 1 72459 69 72459 -11 72459 -1 72459 1 72460 -7 72460 69 72462 8 72462 1 72462 -1 72462 -4 72462 -1 72462 60 72464 -4 72464 -1 72464 4 72465 -2 72465 63 72467 -2 72467 -1 72467 -2 72468 63 72471 1 72471 -1 72471 2 72472 -2 72472 1 72472 1 72472 51 72472 1 72474 -3 72474 6 72474 3 72475 62 72475 -1 72477 1 72477 1 72477 -1 72477 61 72478 9 72478 -6 72478 -1 72481 67 72482 -3 72483 -2 72483 4 72483 -7 72483 2 72483 40 72484 -4 72485 2 72485 -6 72485 7 72485 53 72487 -3 72487 9 72487 1 72488 4 72488 -1 72488 71 72489 -1 72491 4 72491 -4 72491 2 72492 66 72492 -1 72493 -2 72493 3 72493 1 72493 -1 72494 65 72494 5 72494 -12 72494 -1 72494 1 72497 64 72497 -2 72497 -7 72497 1 72497 1 72497 -3 72497 61 72499 -3 72499 3 72499 1 72499 -1 72499 3 72499 -1 72499 60 72500 1 72500 10 72500 1 72501 3 72501 74 72503 -8 72503 4 72503 1 72504 1 72504 80 72506 7 72506 -18 72506 -7 72506 10 72506 -1 72506 1 72507 52 72507 -3 72507 -16 72507 -7 72508 15 72508 -1 72508 -2 72508 96 72508 -44 72508 -1 72510 -10 72510 7 72510 -3 72510 127 72510 127 72517 127 72524 127 72531 127 72538 3 72601 -2 72601 -1 72601 2 72604 -2 72605 1 72609 -1 72619 -1 72642 -1 72690 1 72693 -2 72695 -1 72703 -1 72717 -1 72732 1 72735 -1 72735 1 72737 1 72740 -1 72743 -1 72750 1 72753 2 72756 -1 72758 1 72758 1 72770 -1 72770 2 72775 -4 72775 -2 72775 2 72775 2 72775 3 72778 -2 72778 2 72779 -3 72779 -1 72779 1 72779 -1 72781 -1 72782 -1 72783 3 72783 -1 72881 1 73081 1 73088 1 73093 -1 73404 -1 73410 127 74738 127 74745 127 74752 127 74759 127 74766 127 74773 127 74780 81 74787 48 74787 4 74787 5 74787 -10 74787 3 74787 -3 74787 4 74787 54 74787 -17 74787 6 74787 3 74787 9 74787 -2 74787 -3 74787 -2 74787 80 74787 4 74787 -4 74787 2 74787 -3 74788 69 74790 3 74790 2 74790 -4 74791 -1 74793 53 74793 12 74793 -5 74793 6 74794 -2 74794 1 74794 2 74794 56 74794 -17 74794 -2 74796 -5 74796 1 74796 -1 74796 63 74796 -3 74796 -3 74796 -1 74796 1 74799 74 74799 -4 74799 -2 74799 -3 74800 -2 74802 61 74802 16 74802 1 74802 2 74802 4 74803 57 74805 -3 74805 5 74805 -2 74807 62 74809 -2 74809 1 74809 1 74809 2 74809 1 74809 1 74810 67 74810 -2 74810 -4 74813 64 74815 8 74815 -3 74815 -2 74816 -2 74816 1 74817 62 74817 -15 74817 -3 74817 2 74818 2 74818 1 74818 3 74818 80 74818 3 74818 -6 74818 3 74819 -3 74819 1 74819 74 74820 -1 74820 -3 74820 -4 74821 -1 74821 1 74821 56 74822 7 74822 -5 74822 1 74823 3 74823 46 74825 -3 74826 1 74826 68 74830 -9 74830 -1 74830 -2 74832 -1 74832 59 74833 10 74833 -1 74833 4 74833 -6 74833 2 74833 1 74834 68 74834 -10 74834 10 74834 6 74835 -2 74835 73 74837 -1 74837 2 74837 -1 74837 1 74840 67 74840 2 74840 -1 74840 -3 74840 2 74840 2 74840 62 74842 -8 74843 2 74845 70 74847 -7 74847 -6 74847 -2 74847 -2 74847 1 74847 1 74848 91 74848 -5 74848 3 74848 -2 74848 -1 74849 89 74851 5 74851 -4 74852 4 74852 -1 74852 1 74852 -1 74852 87 74852 -44 74852 7 74852 1 74853 11 74853 12 74853 -8 74853 127 74853 127 74860 127 74867 127 74874 127 74881 -4 74944 -2 74947 1 74947 1 74949 -1 74952 -3 74952 -1 74954 1 74954 1 74960 1 74960 -2 74966 -1 74977 1 74985 -1 74999 -1 75002 -1 75005 -1 75006 -1 75016 -1 75027 1 75065 -1 75065 -1 75075 -1 75078 1 75081 -1 75081 -2 75095 1 75095 1 75101 -1 75101 -1 75107 1 75115 -1 75115 -1 75121 -1 75121 -1 75130 -3 75130 -1 75131 1 75228 1 75395 -1 75442 1 75552 127 77087 127 77094 127 77101 127 77108 127 77115 127 77122 127 77129 110 77136 26 77136 -13 77136 -2 77136 14 77136 -13 77136 2 77136 -4 77136 66 77136 -18 77136 -11 77136 1 77136 -9 77136 16 77136 6 77136 -2 77136 87 77136 8 77136 -2 77138 67 77141 8 77141 -6 77141 3 77141 3 77141 1 77142 2 77142 66 77142 -4 77143 -1 77143 1 77143 -6 77143 -3 77144 65 77144 -7 77144 -6 77144 -3 77145 -2 77145 1 77145 -2 77145 63 77145 -9 77145 2 77145 2 77147 1 77147 -4 77147 77 77147 1 77147 2 77150 -1 77150 71 77151 7 77151 -3 77151 4 77152 1 77153 61 77154 1 77154 -9 77154 1 77155 -1 77155 1 77156 69 77156 -1 77157 -5 77158 -6 77158 75 77160 -4 77160 -5 77160 1 77161 -3 77161 -1 77161 64 77162 16 77162 1 77163 -4 77164 -1 77164 -2 77164 73 77164 -11 77164 -4 77164 -4 77165 -6 77165 -1 77165 -1 77165 87 77165 2 77166 -1 77166 -1 77166 -2 77166 79 77168 6 77168 1 77170 -1 77170 1 77170 59 77171 11 77171 3 77172 -3 77172 -1 77172 1 77173 51 77173 3 77174 2 77176 1 77177 71 77177 -6 77177 3 77177 -1 77177 1 77177 -3 77177 78 77179 -2 77180 -2 77180 6 77180 -4 77180 -1 77181 55 77181 -4 77181 -4 77181 2 77181 -11 77181 12 77181 -3 77182 74 77182 1 77182 1 77183 -2 77183 54 77186 6 77186 5 77186 1 77186 -4 77186 9 77186 62 77188 -6 77188 9 77188 -1 77192 75 77192 -3 77192 -2 77192 -2 77192 3 77192 1 77194 78 77194 -1 77194 -6 77194 3 77194 -1 77194 1 77194 1 77195 79 77195 8 77195 3 77196 -2 77196 -4 77196 71 77198 -43 77198 3 77198 -4 77199 27 77199 2 77199 -1 77199 127 77199 127 77206 127 77213 127 77220 127 77227 2 77290 1 77297 -3 77300 -2 77300 -1 77314 -1 77317 -1 77320 1 77320 2 77330 -1 77332 1 77332 -1 77332 1 77346 -1 77352 1 77376 1 77376 1 77376 1 77406 1 77408 -1 77408 -1 77414 -1 77417 1 77420 1 77427 -2 77430 1 77430 1 77432 -1 77435 1 77438 1 77440 -2 77440 1 77440 1 77442 -1 77445 1 77446 -2 77447 -1 77463 1 77466 1 77468 -1 77468 1 77468 -1 77468 3 77469 -2 77469 1 77469 -1 77573 -2 77573 -1 77774 -1 77778 127 79425 127 79432 127 79439 127 79446 127 79453 127 79460 127 79467 124 79474 3 79474 -2 79474 3 79475 -2 79475 -1 79476 84 79476 15 79476 -9 79476 4 79476 -5 79476 13 79476 4 79476 4 79476 86 79476 5 79476 -2 79476 2 79476 3 79476 -8 79476 84 79478 -1 79479 -2 79481 -1 79481 71 79482 8 79482 2 79482 -1 79482 -4 79482 74 79485 -6 79485 2 79485 -1 79485 1 79485 -4 79485 -1 79485 1 79485 59 79485 8 79485 -3 79485 1 79485 -1 79485 9 79485 1 79486 69 79486 -1 79486 7 79486 -1 79489 69 79490 1 79490 3 79490 2 79492 -1 79493 72 79493 -1 79496 2 79496 77 79498 -3 79499 1 79500 -1 79500 88 79502 -3 79502 -2 79502 -1 79503 -3 79503 72 79505 6 79505 -4 79505 5 79506 5 79506 78 79508 -2 79511 -2 79511 63 79513 6 79513 15 79513 1 79514 3 79514 1 79514 72 79515 -13 79515 1 79515 2 79515 3 79515 -4 79515 -1 79515 75 79516 8 79516 -6 79516 -1 79516 3 79516 -3 79516 1 79516 -1 79516 57 79516 -7 79516 -1 79516 60 79521 -5 79521 2 79521 -5 79522 3 79522 1 79522 1 79522 81 79522 -8 79522 2 79522 -1 79522 1 79522 -1 79522 1 79523 80 79523 8 79523 -8 79523 -1 79523 4 79523 -2 79523 1 79524 82 79524 -1 79524 -1 79524 -2 79526 -3 79527 64 79527 18 79527 -9 79527 2 79531 48 79531 -3 79532 4 79532 -2 79532 1 79534 61 79534 -12 79534 9 79534 1 79534 -2 79534 1 79534 87 79536 -7 79536 4 79536 -1 79536 1 79536 -1 79536 87 79538 7 79538 2 79538 -1 79540 1 79541 69 79541 -15 79541 12 79541 -2 79541 -3 79541 17 79541 -7 79541 127 79542 127 79549 127 79556 127 79563 127 79570 -3 79641 -1 79641 -2 79643 2 79650 -1 79651 1 79652 -2 79659 -1 79664 -1 79665 -3 79672 1 79675 -1 79675 2 79677 1 79684 1 79691 1 79695 -1 79718 -2 79732 -1 79732 2 79734 1 79738 1 79748 -1 79752 -2 79754 -2 79757 1 79757 2 79775 -1 79782 -1 79782 -1 79788 2 79795 -1 79795 -1 79817 2 79820 2 79821 1 79950 1 79983 1 80086 127 81779 127 81786 127 81793 127 81800 127 81807 127 81814 127 81821 127 81828 120 81835 7 81835 -7 81835 -1 81835 5 81835 -2 81835 1 81835 98 81836 4 81836 -5 81836 -4 81837 2 81837 -2 81838 89 81838 5 81838 -4 81838 -2 81840 -1 81841 65 81841 5 81841 2 81842 -3 81842 5 81842 1 81842 -2 81842 68 81842 -7 81842 -1 81842 -7 81843 1 81843 -3 81844 69 81844 9 81844 -5 81844 1 81845 3 81845 -2 81845 4 81845 66 81845 10 81845 -7 81845 1 81845 5 81845 -4 81845 -1 81845 2 81845 61 81845 -7 81845 1 81846 1 81846 -2 81846 -1 81846 -1 81846 75 81846 2 81847 -2 81847 -1 81847 81 81850 -1 81852 -1 81853 87 81855 1 81856 -5 81858 80 81860 -3 81860 -3 81860 -2 81861 68 81864 15 81864 1 81864 3 81864 1 81864 -1 81865 -3 81865 64 81865 -7 81865 -12 81865 -2 81865 2 81865 1 81865 78 81867 -2 81867 73 81873 11 81873 7 81873 -3 81874 -2 81874 -2 81875 59 81875 -2 81876 2 81876 1 81876 2 81876 1 81876 61 81877 -2 81878 -1 81879 3 81879 -3 81880 76 81880 -10 81880 -3 81882 -1 81884 85 81884 4 81884 1 81884 -1 81885 -3 81885 1 81885 84 81886 -4 81886 7 81886 -1 81886 5 81886 -2 81886 83 81888 8 81888 -3 81888 4 81889 -2 81889 73 81891 -8 81892 -1 81892 -1 81892 63 81895 10 81895 -8 81895 -2 81896 2 81896 2 81897 70 81897 -10 81897 -2 81897 5 81897 -1 81898 -1 81898 82 81899 7 81899 -3 81899 -9 81901 1 81901 57 81902 -4 81902 -2 81902 -1 81903 9 81903 -2 81903 5 81903 123 81903 -6 81903 2 81903 3 81904 -6 81904 -3 81904 2 81904 127 81904 127 81911 127 81918 127 81925 -1 82005 3 82019 -1 82023 1 82025 -3 82028 -2 82031 -4 82038 1 82038 -1 82039 3 82039 -1 82039 4 82041 1 82044 1 82047 -1 82047 -1 82049 -1 82052 -4 82075 1 82082 -1 82086 -1 82088 -1 82091 -1 82094 1 82096 2 82096 1 82096 -1 82101 1 82102 -1 82104 -1 82107 -1 82143 -3 82149 1 82157 -1 82159 -1 82168 -1 82169 1 82174 1 82180 -1 82180 -2 82310 1 82310 -1 82620 127 84130 127 84137 127 84144 127 84151 127 84158 127 84165 127 84172 127 84179 127 84186 119 84193 8 84193 -7 84193 -1 84193 4 84193 1 84195 110 84195 -6 84195 -10 84195 -1 84195 1 84195 2 84196 85 84197 23 84197 -11 84197 1 84197 -1 84197 3 84199 76 84199 -5 84199 -1 84200 1 84200 -5 84200 -1 84200 1 84200 70 84200 1 84200 -1 84200 3 84200 -5 84200 -1 84202 73 84202 -1 84202 3 84202 -1 84202 -1 84203 68 84205 2 84205 -1 84205 1 84209 64 84209 3 84209 5 84209 2 84209 -4 84209 -2 84209 74 84211 -7 84211 6 84211 -2 84211 -3 84212 1 84213 87 84213 -2 84214 1 84215 -5 84215 -2 84215 79 84216 6 84216 2 84217 -1 84217 68 84220 -2 84220 4 84221 2 84221 1 84221 74 84223 -1 84223 -3 84223 -4 84224 -1 84224 76 84226 -1 84226 1 84226 72 84231 -1 84232 2 84234 2 84235 54 84235 11 84235 10 84235 -1 84235 -3 84235 3 84235 71 84237 -7 84237 -4 84237 -2 84239 -1 84239 2 84239 79 84239 -5 84239 1 84241 1 84241 1 84241 80 84242 8 84242 2 84242 -1 84243 -2 84243 -1 84244 57 84244 -11 84244 8 84244 2 84244 -2 84244 12 84244 2 84244 -5 84244 84 84244 -5 84244 1 84244 -2 84246 84 84248 5 84248 -3 84248 -3 84250 67 84252 5 84252 6 84252 2 84254 -1 84254 -2 84254 85 84254 -12 84254 -1 84255 -1 84256 95 84258 -6 84259 6 84260 2 84260 -3 84261 85 84261 9 84261 -19 84261 -4 84262 -9 84262 1 84262 2 84262 116 84262 -19 84262 2 84263 -15 84264 -5 84264 127 84265 127 84272 127 84279 127 84286 1 84373 1 84375 -2 84380 -1 84381 1 84381 1 84384 1 84394 -3 84394 1 84397 -1 84399 -1 84403 -1 84404 1 84409 -2 84409 1 84410 -1 84414 -1 84429 -1 84432 -1 84435 -2 84435 -1 84450 1 84456 -2 84463 1 84465 1 84465 1 84465 1 84467 1 84491 -2 84505 -1 84528 -1 84528 -1 84530 -2 84538 1 84538 3 84539 1 84542 -1 84543 -1 84681 1 84711 1 84736 1 84759 1 84759 127 86491 127 86498 127 86505 127 86512 127 86519 127 86526 127 86533 127 86540 127 86547 127 86554 126 86561 -1 86562 -1 86562 121 86566 7 86566 -7 86566 -2 86566 6 86566 -3 86566 -1 86567 94 86567 8 86567 -20 86567 4 86567 -2 86567 2 86567 1 86567 -1 86567 78 86567 3 86567 -5 86567 3 86567 -3 86567 1 86567 -2 86568 74 86568 -1 86571 68 86574 -3 86577 1 86577 1 86578 71 86578 -3 86579 -2 86579 2 86579 -1 86579 69 86581 -3 86581 -6 86581 -2 86582 2 86582 83 86584 -1 86584 6 86584 -1 86585 -2 86585 -2 86585 -1 86585 84 86585 -2 86585 1 86585 -1 86585 4 86585 86 86588 1 86588 -2 86588 -1 86589 77 86592 5 86592 7 86592 -2 86593 1 86593 -1 86594 69 86594 4 86594 10 86594 -4 86595 2 86597 59 86597 4 86597 6 86597 6 86597 11 86597 56 86600 -5 86600 -13 86600 1 86601 4 86601 3 86602 76 86602 -4 86602 -1 86605 83 86607 1 86608 -1 86608 -1 86608 70 86611 8 86611 4 86611 -1 86611 1 86612 1 86612 48 86613 -1 86614 1 86614 16 86615 76 86617 -4 86617 5 86617 -1 86619 82 86621 3 86622 1 86623 -3 86623 1 86623 68 86624 6 86624 -9 86624 1 86624 2 86624 -2 86624 3 86625 77 86625 -15 86625 7 86625 -2 86626 -5 86628 111 86628 -17 86628 -5 86628 -3 86630 3 86631 121 86631 3 86631 -7 86631 -2 86631 4 86631 -3 86631 1 86631 -2 86631 125 86631 -2 86631 -2 86631 -1 86631 -3 86631 -2 86631 -1 86631 -2 86631 127 86631 127 86638 127 86645 127 86652 2 86747 -1 86747 -3 86753 -1 86753 -2 86755 1 86755 2 86757 1 86760 -1 86772 1 86775 -1 86777 -2 86784 1 86784 1 86790 -1 86795 -2 86812 -3 86812 1 86812 2 86812 4 86816 3 86816 -1 86817 -3 86821 -2 86821 1 86821 -3 86821 -3 86821 3 86824 1 86826 1 86850 1 86861 -1 86876 1 86879 1 86880 2 86881 2 86884 -1 86884 1 86886 1 86890 2 86892 -1 86895 1 86895 -1 86897 -1 86900 -1 86900 -2 87112 -1 87112 127 88852 127 88859 127 88866 127 88873 127 88880 127 88887 127 88894 127 88901 127 88908 127 88915 127 88922 127 88929 127 88936 110 88943 20 88943 -14 88943 7 88944 -5 88944 3 88945 79 88945 2 88948 -1 88950 75 88950 1 88950 -3 88950 67 88955 4 88955 1 88956 63 88960 -3 88960 6 88960 2 88960 -1 88960 1 88960 -1 88961 70 88961 3 88962 2 88963 -1 88963 74 88965 -7 88965 1 88966 3 88967 90 88969 -4 88970 2 88970 1 88970 82 88973 4 88973 -4 88973 -3 88974 1 88974 71 88976 2 88976 -5 88976 -3 88976 1 88977 1 88978 68 88978 3 88978 1 88979 -3 88980 -1 88981 71 88981 -3 88981 -3 88981 -2 88983 76 88985 2 88985 5 88985 -1 88985 -5 88985 -2 88985 66 88987 4 88987 10 88987 -2 88988 -3 88990 61 88990 -6 88993 -2 88993 66 88995 -12 88996 4 88997 1 88997 -2 88997 5 88997 73 88997 1 88997 -4 88997 1 88997 -1 88997 -2 88997 74 88999 -6 89000 4 89000 -1 89001 83 89003 -1 89004 -5 89005 -9 89005 1 89005 74 89006 -20 89006 12 89008 18 89008 -2 89008 1 89008 126 89008 -2 89008 -1 89008 -2 89009 -1 89009 -1 89010 127 89010 127 89017 127 89024 127 89031 127 89038 127 89045 -4 89156 -1 89158 4 89158 -2 89158 2 89160 -1 89162 3 89162 -1 89162 -1 89164 -2 89171 -1 89173 2 89177 1 89185 1 89192 -1 89198 -1 89198 -1 89200 3 89203 -4 89211 1 89212 1 89212 -2 89215 -1 89215 -1 89215 -1 89228 1 89231 -2 89234 2 89236 4 89236 1 89236 2 89238 1 89240 3 89240 1 89240 -1 89245 1 89245 -1 89245 1 89251 2 89262 -1 89266 2 89268 -1 89268 -1 89274 -1 89434 -1 89515 -1 89855 127 91246 127 91253 127 91260 127 91267 127 91274 127 91281 127 91288 127 91295 127 91302 127 91309 127 91316 127 91323 127 91330 127 91337 82 91344 31 91344 -5 91344 3 91344 -7 91344 13 91344 6 91345 67 91345 -2 91345 11 91345 -1 91345 4 91345 -1 91345 58 91347 5 91347 8 91347 -1 91347 1 91348 54 91350 5 91351 -2 91351 3 91351 1 91351 -1 91352 63 91352 -2 91352 -4 91352 3 91352 95 91356 -18 91356 -14 91356 -6 91358 113 91360 -1 91360 -8 91360 -1 91360 -1 91360 108 91363 7 91363 -8 91363 -1 91363 4 91363 -2 91363 -1 91364 84 91364 12 91364 -15 91364 -3 91365 -1 91365 2 91366 72 91366 -3 91366 -1 91366 1 91367 1 91367 63 91369 5 91369 11 91369 -1 91370 -1 91372 60 91372 -2 91372 1 91372 1 91373 2 91375 61 91375 -1 91375 2 91375 -1 91375 1 91376 65 91378 -5 91378 -7 91378 2 91380 -1 91380 1 91380 82 91380 -3 91380 85 91386 1 91389 2 91389 -1 91390 93 91390 -2 91390 -2 91390 1 91391 100 91394 -2 91394 -11 91394 1 91394 3 91394 -1 91396 112 91396 -13 91396 -17 91396 -6 91396 -9 91396 2 91398 127 91398 127 91405 127 91412 127 91419 127 91426 127 91433 127 91440 -1 91559 -1 91566 1 91566 2 91580 -1 91587 -1 91587 1 91587 3 91592 -1 91599 -1 91599 2 91605 -1 91605 -3 91611 1 91611 1 91611 -1 91617 -2 91623 -1 91623 1 91625 4 91628 1 91628 -6 91634 -1 91635 1 91635 1 91635 2 91638 1 91638 1 91639 -1 91640 -1 91646 1 91665 -1 91668 -3 91671 -2 91671 1 91673 -1 91910 2 91941 127 93650 127 93657 127 93664 127 93671 127 93678 127 93685 127 93692 127 93699 127 93706 127 93713 127 93720 127 93727 127 93734 127 93741 107 93748 27 93748 -5 93748 -3 93748 2 93748 -9 93748 1 93748 3 93748 55 93748 2 93748 -3 93748 -1 93748 -4 93748 1 93748 1 93748 1 93748 45 93748 4 93748 1 93748 1 93748 1 93749 1 93750 60 93750 -31 93750 -9 93750 -1 93750 10 93750 16 93750 -1 93750 -1 93750 115 93750 -4 93750 -14 93750 -6 93750 -1 93750 123 93753 -2 93754 -1 93754 -2 93754 122 93757 1 93757 1 93757 115 93762 3 93762 4 93762 102 93767 7 93767 2 93767 -1 93767 1 93767 -1 93767 87 93769 7 93769 1 93769 -2 93769 -3 93769 -3 93769 57 93771 8 93771 -1 93771 -1 93772 4 93772 1 93772 46 93773 1 93773 1 93774 1 93775 -1 93776 63 93776 -10 93776 -2 93777 -2 93778 74 93780 -2 93780 -1 93781 82 93785 -3 93785 -2 93785 1 93786 94 93789 -6 93789 -5 93789 -1 93789 109 93793 -6 93793 -5 93793 -1 93793 -1 93793 121 93796 -3 93796 -2 93796 -1 93796 126 93800 127 93807 127 93814 127 93821 127 93828 127 93835 127 93842 127 93849 2 93968 -1 93972 -3 93974 -1 93976 1 93976 1 93976 2 93986 -1 93986 1 93987 -1 93987 -1 93987 -2 93990 -1 94028 -1 94035 -1 94046 -1 94054 -1 94056 127 96079 127 96086 127 96093 127 96100 127 96107 127 96114 127 96121 127 96128 127 96135 127 96142 126 96149 94 96156 19 96156 26 96156 11 96156 -1 96156 3 96157 88 96158 -17 96158 41 96158 -2 96158 4 96158 3 96158 -1 96158 -4 96158 122 96158 -2 96158 8 96158 -3 96158 2 96158 -2 96158 1 96159 97 96159 29 96159 14 96159 -4 96159 -1 96159 -6 96159 -3 96160 49 96160 5 96160 7 96160 40 96165 2 96165 3 96165 67 96170 -30 96170 17 96170 -10 96170 -18 96170 -4 96170 3 96170 5 96170 82 96170 5 96170 51 96170 -6 96170 81 96174 -14 96174 47 96174 -5 96174 9 96174 9 96174 -6 96175 111 96175 2 96175 5 96175 1 96176 -1 96176 101 96178 5 96178 5 96178 87 96183 5 96183 6 96183 76 96188 3 96188 4 96188 1 96189 63 96192 6 96192 -2 96192 1 96193 57 96196 -8 96197 -1 96197 2 96197 66 96200 -4 96200 -4 96200 -3 96201 -1 96201 71 96203 -2 96203 3 96203 79 96208 -4 96208 3 96208 1 96208 93 96212 -7 96212 1 96212 108 96217 -5 96217 1 96217 120 96222 -3 96222 125 96228 -1 96228 127 96234 127 96241 127 96248 127 96255 127 96262 127 96269 127 96276 -15 96371 -6 96371 2 96372 -3 96372 -4 96372 10 96374 -3 96374 -3 96375 1 96375 -1 96378 2 96378 -1 96378 2 96384 5 96406 2 96409 1 96409 -5 96411 -5 96411 2 96411 1 96411 6 96415 -3 96415 1 96415 -4 96415 1 96415 1 96415 -1 96473 2 96665 3 96665 1 96665 1 96671 -1 96725 1 96725 127 98490 127 98497 127 98504 127 98511 127 98518 127 98525 127 98532 127 98539 126 98546 110 98553 9 98553 29 98553 -17 98553 -10 98553 3 98553 -3 98554 102 98554 5 98554 29 98554 -14 98554 6 98554 -8 98554 2 98554 -1 98554 94 98554 8 98554 13 98554 -15 98554 -6 98554 -19 98554 1 98554 -6 98554 46 98554 1 98554 -5 98555 1 98555 2 98555 50 98557 -2 98557 20 98557 7 98557 -2 98557 -3 98557 -2 98558 38 98558 6 98558 9 98558 6 98558 5 98558 2 98558 35 98560 -2 98560 -2 98560 1 98560 3 98560 33 98563 3 98563 -2 98563 2 98563 -3 98563 30 98566 3 98568 2 98568 32 98571 -3 98571 -4 98571 4 98571 3 98572 -3 98573 67 98573 15 98573 -19 98573 -4 98573 -5 98573 -22 98573 -2 98573 2 98573 93 98573 -6 98573 5 98573 1 98573 -8 98574 -3 98574 86 98575 5 98575 5 98575 73 98580 4 98580 3 98580 60 98585 5 98585 10 98585 -2 98585 -2 98585 1 98585 64 98587 -7 98587 2 98587 -1 98587 6 98587 -1 98587 1 98588 73 98588 -2 98588 -3 98588 -1 98588 74 98592 5 98592 -2 98592 -3 98594 1 98594 67 98595 -4 98595 -1 98595 80 98600 -6 98600 -3 98600 95 98605 -4 98605 -1 98606 -2 98606 107 98609 -7 98609 4 98609 -5 98609 2 98609 121 98612 -2 98612 -1 98612 126 98617 127 98624 127 98631 127 98638 127 98645 127 98652 127 98659 127 98666 5 98745 10 98745 -3 98745 -1 98745 2 98745 -5 98748 8 98748 -2 98748 1 98749 1 98749 -2 98751 5 98751 -2 98751 1 98752 1 98752 -2 98752 1 98754 1 98754 1 98755 -1 98755 -5 98757 2 98757 1 98757 -1 98757 -1 98757 1 98760 1 98760 1 98760 1 98760 -1 98780 -1 98780 1 98781 -2 98786 1 98786 2 98787 1 98787 -2 98790 5 98792 -2 98792 -1 98793 1 98793 1 98796 -1 98797 1 98817 -1 98825 -1 98828 -1 98835 2 98858 1 98858 -1 98858 -1 98858 -1 98862 3 98862 -2 98862 1 98862 -1 99012 1 99091 -1 99123 1 99179 127 100854 127 100861 127 100868 127 100875 127 100882 127 100889 127 100896 127 100903 98 100910 28 100910 6 100910 10 100910 10 100910 4 100910 -2 100910 -18 100910 74 100910 16 100910 -37 100910 -9 100910 -15 100910 -12 100910 -2 100910 4 100910 56 100910 -2 100910 -9 100910 -5 100910 -2 100913 51 100913 3 100913 -7 100913 -2 100913 1 100914 53 100916 -1 100916 -8 100916 -3 100916 2 100916 -5 100916 1 100916 43 100917 -1 100917 -3 100917 -2 100917 -3 100917 1 100917 1 100917 39 100918 2 100918 3 100919 -1 100919 1 100919 44 100921 -7 100921 -3 100921 3 100922 1 100922 1 100923 37 100923 16 100923 2 100924 -3 100924 -4 100924 1 100924 87 100925 -20 100925 -11 100925 -10 100925 -2 100925 -14 100925 -5 100925 3 100925 93 100925 1 100925 -4 100925 -7 100925 -2 100925 3 100925 2 100926 90 100926 8 100926 1 100926 -2 100926 4 100926 -3 100926 -1 100927 84 100927 1 100927 3 100927 -1 100929 76 100931 4 100931 2 100931 60 100936 15 100936 4 100936 1 100936 -3 100936 -9 100936 3 100936 1 100936 50 100936 -9 100936 -2 100936 -5 100937 -4 100937 -2 100937 -2 100937 61 100937 -2 100937 4 100937 -2 100938 -1 100938 -1 100938 -1 100938 66 100938 -2 100938 3 100939 -1 100940 73 100942 2 100943 77 100948 -4 100948 -3 100948 1 100949 1 100949 85 100951 4 100952 -3 100952 -6 100952 -1 100952 71 100954 6 100954 -1 100954 1 100954 10 100954 5 100954 4 100955 73 100955 -2 100955 -15 100955 6 100956 1 100956 -4 100957 89 100957 -26 100957 13 100957 13 100957 -11 100957 10 100957 -1 100957 -15 100957 126 100957 127 100964 127 100971 127 100978 127 100985 127 100992 127 100999 127 101006 -16 101077 1 101077 -2 101078 3 101078 3 101078 1 101082 4 101082 4 101082 1 101083 -2 101084 1 101087 -1 101087 1 101090 -1 101096 1 101099 -2 101102 -2 101102 1 101103 -5 101108 2 101108 -1 101109 -1 101112 -2 101127 -4 101127 -1 101127 2 101129 -2 101129 -1 101130 -4 101130 -2 101130 2 101131 2 101134 -1 101134 -1 101156 1 101159 3 101162 -3 101169 -1 101169 1 101175 2 101175 -1 101189 1 101196 1 101198 1 101198 2 101201 1 101201 1 101201 -1 101203 -7 101205 1 101206 -1 101206 3 101206 1 101206 19 101208 1 101209 1 101209 2 101210 4 101341 4 101341 1 101347 1 101347 1 101347 1 101369 -1 101386 1 101415 -1 101416 -1 101493 -2 101500 -1 101508 -4 101513 4 101513 1 101513 -2 101645 -1 101645 127 103179 127 103186 127 103193 127 103200 127 103207 127 103214 127 103221 127 103228 116 103235 -11 103235 -9 103235 -5 103236 3 103236 5 103236 4 103236 121 103236 10 103236 -8 103236 -2 103236 9 103236 -6 103236 1 103236 -4 103236 94 103236 -36 103237 -1 103237 1 103238 100 103240 -3 103240 -35 103240 -10 103240 -1 103240 107 103243 -1 103243 -28 103243 -11 103243 -2 103243 -1 103243 -1 103244 111 103244 -2 103244 -20 103244 -8 103244 -3 103244 111 103247 3 103247 -16 103247 -4 103247 1 103247 -1 103247 -1 103248 86 103248 13 103248 -29 103248 1 103248 -3 103248 3 103248 4 103249 58 103249 14 103249 -15 103249 8 103249 3 103249 -1 103249 -3 103250 103 103250 -10 103250 -11 103250 -6 103251 -10 103251 -4 103251 -4 103251 104 103251 1 103251 -9 103251 100 103256 2 103256 -10 103256 94 103261 2 103261 -10 103261 87 103266 2 103266 -10 103266 60 103271 19 103271 8 103271 -8 103271 -1 103271 1 103271 -8 103272 60 103272 -4 103273 4 103274 -1 103275 2 103275 65 103275 2 103275 -3 103275 -1 103275 -3 103275 -2 103275 65 103277 2 103279 -2 103280 2 103281 65 103281 -6 103281 6 103281 1 103281 3 103282 75 103284 -1 103284 1 103284 -2 103284 1 103284 78 103287 -2 103287 -2 103287 -3 103287 80 103291 -2 103291 -5 103291 1 103291 2 103291 -2 103293 102 103293 -21 103293 -11 103293 1 103293 -5 103293 3 103293 1 103293 5 103293 113 103293 18 103293 -8 103293 -1 103293 8 103293 -11 103293 1 103293 1 103293 125 103293 -2 103293 1 103293 1 103294 -2 103294 -1 103294 1 103294 127 103294 127 103301 127 103308 127 103315 127 103322 127 103329 127 103336 2 103407 3 103410 4 103410 2 103410 3 103411 -1 103414 1 103414 1 103416 5 103416 -1 103418 1 103421 -1 103421 1 103422 -1 103426 -4 103426 -1 103428 -2 103431 -5 103431 -2 103431 -3 103437 -1 103437 -8 103442 -2 103442 2 103448 -7 103448 2 103448 -1 103448 2 103450 -1 103450 -1 103455 -1 103455 3 103489 1 103490 3 103490 1 103491 -1 103492 1 103492 1 103498 -1 103498 1 103500 3 103511 1 103519 -5 103533 2 103533 -2 103533 1 103534 4 103537 1 103540 -1 103541 4 103546 -4 103546 1 103553 1 103675 -1 103694 -1 103731 1 103738 -1 103847 -1 103847 2 103853 -2 103853 1 103853 127 105522 127 105529 127 105536 127 105543 127 105550 127 105557 127 105564 127 105571 127 105578 127 105585 127 105592 127 105599 127 105606 127 105613 127 105620 126 105627 -1 105628 123 105633 3 105633 -6 105633 -2 105633 3 105633 -1 105634 123 105635 -2 105636 121 105641 -3 105642 119 105647 -4 105648 117 105653 1 105653 -5 105653 100 105658 24 105658 2 105658 -11 105659 -17 105659 5 105659 4 105659 54 105659 -10 105659 -22 105659 -4 105660 7 105660 -2 105661 80 105661 -2 105661 -6 105661 -3 105661 -4 105661 -2 105661 -1 105662 76 105662 1 105662 -5 105662 3 105664 69 105666 9 105666 -6 105666 13 105666 1 105666 -2 105666 61 105668 -5 105668 4 105668 4 105668 -1 105668 2 105668 -1 105668 -2 105668 70 105668 -1 105668 -3 105668 2 105670 -1 105671 74 105671 -5 105672 -1 105674 41 105676 17 105676 -2 105676 7 105676 -5 105676 8 105676 1 105676 7 105676 104 105676 -35 105676 13 105676 17 105677 -24 105677 -6 105677 7 105677 125 105677 -1 105678 -1 105678 -1 105679 -1 105680 126 105680 127 105687 127 105694 127 105701 127 105708 127 105715 127 105722 127 105729 2 105864 -1 105864 1 105865 -1 105866 -2 105900 3 105903 -1 105904 7 105905 -2 105905 2 105906 4 105906 -1 105910 1 105921 -6 105923 -11 105923 4 105923 2 105923 -1 105923 7 105926 -7 105926 2 105926 -4 105926 2 105926 1 105930 -1 105931 1 105931 -1 105934 3 105934 -1 105937 -4 105939 4 105939 2 105939 -1 105939 2 105939 -1 105939 2 105941 3 105944 1 106147 -1 106186 -2 106186 1 106192 2 106192 -1 106208 1 106215 2 106223 -1 106223 -2 106250 3 106250 1 106497 1 106568 127 107926 127 107933 127 107940 127 107947 127 107954 127 107961 127 107968 127 107975 127 107982 127 107989 127 107996 127 108003 127 108010 127 108017 127 108024 127 108031 127 108038 127 108045 126 108052 -1 108053 126 108058 -1 108059 125 108064 -1 108065 111 108070 15 108070 -9 108070 8 108071 3 108071 -9 108071 -3 108071 105 108071 5 108071 -22 108071 2 108072 10 108072 2 108072 6 108072 107 108072 -21 108073 -1 108073 2 108073 119 108076 -5 108076 -12 108076 -6 108076 -5 108076 126 108079 -1 108080 -1 108080 123 108084 4 108084 -7 108084 -5 108084 4 108084 -1 108084 104 108086 12 108086 -32 108086 -9 108086 8 108086 -1 108086 81 108088 9 108088 -27 108088 12 108088 -7 108088 73 108091 -9 108091 -19 108091 5 108091 8 108091 13 108091 -2 108092 98 108092 -40 108092 -12 108092 1 108092 -15 108092 -8 108092 10 108092 -8 108092 126 108092 127 108099 127 108106 127 108113 127 108120 127 108127 127 108134 127 108141 127 108148 -1 108324 -3 108326 -1 108326 4 108326 -2 108327 4 108327 -1 108328 2 108329 3 108331 3 108331 -2 108337 -3 108337 3 108351 -3 108351 -1 108351 1 108351 -3 108355 1 108355 2 108355 -4 108355 2 108355 -1 108358 2 108358 5 108359 -3 108359 4 108362 -4 108362 2 108362 -1 108362 -3 108362 1 108365 -1 108365 1 108365 -1 108366 -3 108366 7 108366 1 108366 2 108606 2 108606 -1 108614 -1 108615 -1 108621 -1 108652 1 108652 1 108664 1 108664 1 108664 -1 108669 -1 108917 -1 108917 127 110345 127 110352 127 110359 127 110366 127 110373 127 110380 127 110387 127 110394 127 110401 127 110408 127 110415 127 110422 127 110429 127 110436 127 110443 127 110450 127 110457 127 110464 127 110471 127 110478 127 110485 127 110492 127 110499 127 110506 127 110513 127 110520 127 110527 127 110534 127 110541 126 110548 -2 110549 -1 110549 126 110553 -1 110554 -1 110555 127 110558 127 110565 127 110572 127 110579 127 110586 127 110593 127 110600 127 110607 127 110614 ;